generated by gen_cubic.py                                                       
         2         1       256  -220899.179126    
     20.993868000000      0.000000000000      0.000000000000
      0.000000000000     20.993868000000      0.000000000000
      0.000000000000      0.000000000000     20.993868000000
Ar               1
     0.000000000         0.000000000         0.000000000    
   0.00000000000       0.00000000000       0.00000000000    
 -0.383071352417E-11 -0.395150578925E-11 -0.393374222085E-11
Ar               2
     2.624233500         2.624233500         0.000000000    
   0.00000000000       0.00000000000       0.00000000000    
  0.124011911851E-12  0.204808392468E-12 -0.395858346103E-11
Ar               3
     2.624233500         0.000000000         2.624233500    
   0.00000000000       0.00000000000       0.00000000000    
  0.165201186064E-12 -0.396400967606E-11  0.207805994634E-12
Ar               4
     0.000000000         2.624233500         2.624233500    
   0.00000000000       0.00000000000       0.00000000000    
 -0.380756537410E-11  0.250466314355E-12  0.202060590482E-12
Ar               5
     0.000000000         0.000000000         5.248467000    
   0.00000000000       0.00000000000       0.00000000000    
 -0.387098686438E-11 -0.395537769204E-11  0.277555756156E-14
Ar               6
     2.624233500         2.624233500         5.248467000    
   0.00000000000       0.00000000000       0.00000000000    
  0.180744308409E-12  0.198507876803E-12 -0.111022302463E-15
Ar               7
     2.624233500         0.000000000         7.872700500    
   0.00000000000       0.00000000000       0.00000000000    
  0.922317777707E-13 -0.392810783900E-11 -0.117961196366E-12
Ar               8
     0.000000000         2.624233500         7.872700500    
   0.00000000000       0.00000000000       0.00000000000    
 -0.384815790344E-11  0.212968531699E-12 -0.123345778036E-12
Ar               9
     0.000000000         0.000000000         10.49693400    
   0.00000000000       0.00000000000       0.00000000000    
 -0.385849685536E-11 -0.392244570158E-11 -0.279420930838E-11
Ar              10
     2.624233500         2.624233500         10.49693400    
   0.00000000000       0.00000000000       0.00000000000    
  0.191402449445E-12  0.194955163124E-12 -0.275213185574E-11
Ar              11
     2.624233500         0.000000000        -7.872700500    
   0.00000000000       0.00000000000       0.00000000000    
  0.996980276113E-13 -0.387406773328E-11  0.105582209642E-12
Ar              12
     0.000000000         2.624233500        -7.872700500    
   0.00000000000       0.00000000000       0.00000000000    
 -0.373773234585E-11  0.167199587509E-12  0.111799458580E-12
Ar              13
     0.000000000         0.000000000        -5.248467000    
   0.00000000000       0.00000000000       0.00000000000    
 -0.421618295832E-11 -0.423749924039E-11  0.463362681558E-11
Ar              14
     2.624233500         2.624233500        -5.248467000    
   0.00000000000       0.00000000000       0.00000000000    
  0.869304628281E-13  0.129535271398E-12  0.393851617986E-11
Ar              15
     2.624233500         0.000000000        -2.624233500    
   0.00000000000       0.00000000000       0.00000000000    
 -0.544009282066E-13 -0.432209823487E-11  0.222444285214E-11
Ar              16
     0.000000000         2.624233500        -2.624233500    
   0.00000000000       0.00000000000       0.00000000000    
 -0.419619894387E-11  0.183852932878E-12  0.222177831688E-11
Ar              17
     0.000000000         5.248467000         0.000000000    
   0.00000000000       0.00000000000       0.00000000000    
 -0.385244613987E-11  0.196509475359E-13 -0.395454502478E-11
Ar              18
     2.624233500         7.872700500         0.000000000    
   0.00000000000       0.00000000000       0.00000000000    
  0.150573997715E-12 -0.121680443499E-12 -0.395011801047E-11
Ar              19
     2.624233500         5.248467000         2.624233500    
   0.00000000000       0.00000000000       0.00000000000    
  0.179301018477E-12  0.189848137211E-13  0.200894856306E-12
Ar              20
     0.000000000         7.872700500         2.624233500    
   0.00000000000       0.00000000000       0.00000000000    
 -0.383872100773E-11 -0.114852571897E-12  0.202532435267E-12
Ar              21
     0.000000000         5.248467000         5.248467000    
   0.00000000000       0.00000000000       0.00000000000    
 -0.380982745352E-11  0.365263375102E-13  0.141553435640E-14
Ar              22
     2.624233500         7.872700500         5.248467000    
   0.00000000000       0.00000000000       0.00000000000    
  0.191180404840E-12 -0.129674049276E-12 -0.388578058619E-15
Ar              23
     2.624233500         5.248467000         7.872700500    
   0.00000000000       0.00000000000       0.00000000000    
  0.133948407921E-12  0.393018950717E-13 -0.146105350041E-12
Ar              24
     0.000000000         7.872700500         7.872700500    
   0.00000000000       0.00000000000       0.00000000000    
 -0.384212106574E-11 -0.137556632751E-12 -0.115768505893E-12
Ar              25
     0.000000000         5.248467000         10.49693400    
   0.00000000000       0.00000000000       0.00000000000    
 -0.378562459158E-11  0.223154827950E-13 -0.276240141872E-11
Ar              26
     2.624233500         7.872700500         10.49693400    
   0.00000000000       0.00000000000       0.00000000000    
  0.202005079331E-12 -0.148769885300E-12 -0.275278411177E-11
Ar              27
     2.624233500         5.248467000        -7.872700500    
   0.00000000000       0.00000000000       0.00000000000    
  0.153932422364E-12  0.421884749358E-14  0.120681242777E-12
Ar              28
     0.000000000         7.872700500        -7.872700500    
   0.00000000000       0.00000000000       0.00000000000    
 -0.381217279966E-11 -0.152600154735E-12  0.107108766301E-12
Ar              29
     0.000000000         5.248467000        -5.248467000    
   0.00000000000       0.00000000000       0.00000000000    
 -0.410602107870E-11  0.231481500634E-13  0.429020707848E-11
Ar              30
     2.624233500         7.872700500        -5.248467000    
   0.00000000000       0.00000000000       0.00000000000    
  0.134448008282E-12 -0.129452004671E-12  0.392300081309E-11
Ar              31
     2.624233500         5.248467000        -2.624233500    
   0.00000000000       0.00000000000       0.00000000000    
  0.601463323591E-13  0.150435219837E-13  0.259001153857E-11
Ar              32
     0.000000000         7.872700500        -2.624233500    
   0.00000000000       0.00000000000       0.00000000000    
 -0.420674606261E-11 -0.965894031424E-13  0.222039053810E-11
Ar              33
     0.000000000         10.49693400         0.000000000    
   0.00000000000       0.00000000000       0.00000000000    
 -0.384728360281E-11 -0.279820611127E-11 -0.394051458130E-11
Ar              34
     2.624233500        -7.872700500         0.000000000    
   0.00000000000       0.00000000000       0.00000000000    
  0.181521464526E-12  0.106137321154E-12 -0.391653376397E-11
Ar              35
     2.624233500         10.49693400         2.624233500    
   0.00000000000       0.00000000000       0.00000000000    
  0.242195152822E-12 -0.273642219994E-11  0.214217532601E-12
Ar              36
     0.000000000        -7.872700500         2.624233500    
   0.00000000000       0.00000000000       0.00000000000    
 -0.380823150792E-11  0.107802655691E-12  0.216604512104E-12
Ar              37
     0.000000000         10.49693400         5.248467000    
   0.00000000000       0.00000000000       0.00000000000    
 -0.381684961415E-11 -0.274943956491E-11  0.233146835171E-14
Ar              38
     2.624233500        -7.872700500         5.248467000    
   0.00000000000       0.00000000000       0.00000000000    
  0.295430346853E-12  0.124511512212E-12  0.699440505514E-14
Ar              39
     2.624233500         10.49693400         7.872700500    
   0.00000000000       0.00000000000       0.00000000000    
  0.142552636362E-12 -0.275957035001E-11 -0.146105350041E-12
Ar              40
     0.000000000        -7.872700500         7.872700500    
   0.00000000000       0.00000000000       0.00000000000    
 -0.380190323668E-11  0.905386876582E-13 -0.114186438083E-12
Ar              41
     0.000000000         10.49693400         10.49693400    
   0.00000000000       0.00000000000       0.00000000000    
 -0.373145958577E-11 -0.206734629415E-11 -0.207933670282E-11
Ar              42
     2.624233500        -7.872700500         10.49693400    
   0.00000000000       0.00000000000       0.00000000000    
  0.306199510192E-12  0.106789577181E-12 -0.135047528715E-11
Ar              43
     2.624233500         10.49693400        -7.872700500    
   0.00000000000       0.00000000000       0.00000000000    
  0.234035013591E-12 -0.138733469157E-11  0.121569421196E-12
Ar              44
     0.000000000        -7.872700500        -7.872700500    
   0.00000000000       0.00000000000       0.00000000000    
 -0.373656661168E-11  0.605626659933E-13  0.106303854608E-12
Ar              45
     0.000000000         10.49693400        -5.248467000    
   0.00000000000       0.00000000000       0.00000000000    
 -0.410887990299E-11 -0.174210645909E-11  0.393512999963E-11
Ar              46
     2.624233500        -7.872700500        -5.248467000    
   0.00000000000       0.00000000000       0.00000000000    
  0.165478741820E-12  0.741906536206E-13  0.321970228256E-11
Ar              47
     2.624233500         10.49693400        -2.624233500    
   0.00000000000       0.00000000000       0.00000000000    
  0.126121335597E-12 -0.240563124976E-11  0.221354878871E-11
Ar              48
     0.000000000        -7.872700500        -2.624233500    
   0.00000000000       0.00000000000       0.00000000000    
 -0.416200407471E-11  0.892619311799E-13  0.151345602717E-11
Ar              49
     0.000000000        -5.248467000         0.000000000    
   0.00000000000       0.00000000000       0.00000000000    
 -0.418776124889E-11  0.466560123868E-11 -0.429389857004E-11
Ar              50
     2.624233500        -2.624233500         0.000000000    
   0.00000000000       0.00000000000       0.00000000000    
  0.112576614697E-12  0.221778151399E-11 -0.430255830963E-11
Ar              51
     2.624233500        -5.248467000         2.624233500    
   0.00000000000       0.00000000000       0.00000000000    
  0.230038210702E-12  0.401878530454E-11  0.201921812604E-12
Ar              52
     0.000000000        -2.624233500         2.624233500    
   0.00000000000       0.00000000000       0.00000000000    
 -0.422639701014E-11  0.220090612402E-11  0.180300219199E-12
Ar              53
     0.000000000        -5.248467000         5.248467000    
   0.00000000000       0.00000000000       0.00000000000    
 -0.414199230470E-11  0.431021884850E-11  0.538458166943E-14
Ar              54
     2.624233500        -2.624233500         5.248467000    
   0.00000000000       0.00000000000       0.00000000000    
  0.728861415666E-13  0.250270637547E-11  0.139332989590E-13
Ar              55
     2.624233500        -5.248467000         7.872700500    
   0.00000000000       0.00000000000       0.00000000000    
  0.210220729713E-12  0.394924370983E-11 -0.119959597811E-12
Ar              56
     0.000000000        -2.624233500         7.872700500    
   0.00000000000       0.00000000000       0.00000000000    
 -0.425026680517E-11  0.224392726622E-11 -0.100142116821E-12
Ar              57
     0.000000000        -5.248467000         10.49693400    
   0.00000000000       0.00000000000       0.00000000000    
 -0.414634993007E-11  0.392091914492E-11 -0.172412084609E-11
Ar              58
     2.624233500        -2.624233500         10.49693400    
   0.00000000000       0.00000000000       0.00000000000    
  0.623390228327E-13  0.221940521516E-11 -0.241379138899E-11
Ar              59
     2.624233500        -5.248467000        -7.872700500    
   0.00000000000       0.00000000000       0.00000000000    
  0.180633286107E-12  0.319569370966E-11  0.109245945623E-12
Ar              60
     0.000000000        -2.624233500        -7.872700500    
   0.00000000000       0.00000000000       0.00000000000    
 -0.418776124889E-11  0.150279788613E-11  0.919264664390E-13
Ar              61
     0.000000000        -5.248467000        -5.248467000    
   0.00000000000       0.00000000000       0.00000000000    
 -0.448707737633E-11  0.320143911381E-11  0.323696625060E-11
Ar              62
     2.624233500        -2.624233500        -5.248467000    
   0.00000000000       0.00000000000       0.00000000000    
  0.152544643583E-12  0.295941049444E-11  0.359390295301E-11
Ar              63
     2.624233500        -5.248467000        -2.624233500    
   0.00000000000       0.00000000000       0.00000000000    
  0.117017506795E-12  0.360322882642E-11  0.291366930583E-11
Ar              64
     0.000000000        -2.624233500        -2.624233500    
   0.00000000000       0.00000000000       0.00000000000    
 -0.457234250462E-11  0.262900812231E-11  0.259348098552E-11
Ar              65
     5.248467000         0.000000000         0.000000000    
   0.00000000000       0.00000000000       0.00000000000    
  0.569544411633E-13 -0.396591093299E-11 -0.396636889999E-11
Ar              66
     7.872700500         2.624233500         0.000000000    
   0.00000000000       0.00000000000       0.00000000000    
 -0.923705556488E-13  0.203420613687E-12 -0.395077026649E-11
Ar              67
     7.872700500         0.000000000         2.624233500    
   0.00000000000       0.00000000000       0.00000000000    
 -0.926481114050E-13 -0.394952126559E-11  0.204336547682E-12
Ar              68
     5.248467000         2.624233500         2.624233500    
   0.00000000000       0.00000000000       0.00000000000    
  0.645039577307E-13  0.237809771875E-12  0.208444372873E-12
Ar              69
     5.248467000         0.000000000         5.248467000    
   0.00000000000       0.00000000000       0.00000000000    
  0.109356967926E-12 -0.397880339786E-11  0.160704782814E-13
Ar              70
     7.872700500         2.624233500         5.248467000    
   0.00000000000       0.00000000000       0.00000000000    
 -0.982547376793E-13  0.201394456667E-12  0.513478148889E-14
Ar              71
     7.872700500         0.000000000         7.872700500    
   0.00000000000       0.00000000000       0.00000000000    
 -0.842659275690E-13 -0.393959864731E-11 -0.113936637902E-12
Ar              72
     5.248467000         2.624233500         7.872700500    
   0.00000000000       0.00000000000       0.00000000000    
  0.128785870857E-13  0.169364522407E-12 -0.147132306338E-12
Ar              73
     5.248467000         0.000000000         10.49693400    
   0.00000000000       0.00000000000       0.00000000000    
  0.596189764224E-13 -0.388621079761E-11 -0.276745293348E-11
Ar              74
     7.872700500         2.624233500         10.49693400    
   0.00000000000       0.00000000000       0.00000000000    
 -0.148880907602E-12  0.190847337933E-12 -0.275322820098E-11
Ar              75
     7.872700500         0.000000000        -7.872700500    
   0.00000000000       0.00000000000       0.00000000000    
 -0.993094495527E-13 -0.388300502863E-11  0.100336405850E-12
Ar              76
     5.248467000         2.624233500        -7.872700500    
   0.00000000000       0.00000000000       0.00000000000    
 -0.104360964315E-13  0.198507876803E-12  0.121902488104E-12
Ar              77
     5.248467000         0.000000000        -5.248467000    
   0.00000000000       0.00000000000       0.00000000000    
  0.644484465795E-13 -0.426012003452E-11  0.428113100526E-11
Ar              78
     7.872700500         2.624233500        -5.248467000    
   0.00000000000       0.00000000000       0.00000000000    
 -0.689448498292E-13  0.134947608643E-12  0.393643451169E-11
Ar              79
     7.872700500         0.000000000        -2.624233500    
   0.00000000000       0.00000000000       0.00000000000    
 -0.783817455385E-13 -0.433442171044E-11  0.221905827047E-11
Ar              80
     5.248467000         2.624233500        -2.624233500    
   0.00000000000       0.00000000000       0.00000000000    
  0.447974990436E-13  0.169170233377E-12  0.257047161334E-11
Ar              81
     5.248467000         5.248467000         0.000000000    
   0.00000000000       0.00000000000       0.00000000000    
  0.498490138057E-13  0.109634523682E-13 -0.397275268238E-11
Ar              82
     7.872700500         7.872700500         0.000000000    
   0.00000000000       0.00000000000       0.00000000000    
 -0.103805852802E-12 -0.119737553206E-12 -0.395403154663E-11
Ar              83
     7.872700500         5.248467000         2.624233500    
   0.00000000000       0.00000000000       0.00000000000    
 -0.142663658664E-12  0.254796184151E-13  0.194594340641E-12
Ar              84
     5.248467000         7.872700500         2.624233500    
   0.00000000000       0.00000000000       0.00000000000    
  0.308086889333E-13 -0.140193412435E-12  0.204003480775E-12
Ar              85
     5.248467000         5.248467000         5.248467000    
   0.00000000000       0.00000000000       0.00000000000    
  0.764943663967E-13  0.470734562441E-13 -0.643929354283E-14
Ar              86
     7.872700500         7.872700500         5.248467000    
   0.00000000000       0.00000000000       0.00000000000    
 -0.115851772620E-12 -0.133601463226E-12 -0.263677968348E-14
Ar              87
     7.872700500         5.248467000         7.872700500    
   0.00000000000       0.00000000000       0.00000000000    
 -0.137223565844E-12  0.272559752545E-13 -0.134836586341E-12
Ar              88
     5.248467000         7.872700500         7.872700500    
   0.00000000000       0.00000000000       0.00000000000    
  0.536237720894E-13 -0.141484046701E-12 -0.137556632751E-12
Ar              89
     5.248467000         5.248467000         10.49693400    
   0.00000000000       0.00000000000       0.00000000000    
  0.188737914186E-14  0.364153152077E-13 -0.273757405633E-11
Ar              90
     7.872700500         7.872700500         10.49693400    
   0.00000000000       0.00000000000       0.00000000000    
 -0.108746345262E-12 -0.143815515052E-12 -0.275510170233E-11
Ar              91
     7.872700500         5.248467000        -7.872700500    
   0.00000000000       0.00000000000       0.00000000000    
 -0.119348975147E-12 -0.249800180541E-14  0.119543264177E-12
Ar              92
     5.248467000         7.872700500        -7.872700500    
   0.00000000000       0.00000000000       0.00000000000    
  0.205391259556E-13 -0.160621516088E-12  0.135585986882E-12
Ar              93
     5.248467000         5.248467000        -5.248467000    
   0.00000000000       0.00000000000       0.00000000000    
  0.832667268469E-14  0.184852133600E-13  0.391400800659E-11
Ar              94
     7.872700500         7.872700500        -5.248467000    
   0.00000000000       0.00000000000       0.00000000000    
 -0.115796261468E-12 -0.147715173426E-12  0.392012811101E-11
Ar              95
     7.872700500         5.248467000        -2.624233500    
   0.00000000000       0.00000000000       0.00000000000    
 -0.783262343873E-13  0.116850973342E-13  0.257877053045E-11
Ar              96
     5.248467000         7.872700500        -2.624233500    
   0.00000000000       0.00000000000       0.00000000000    
 -0.865973959208E-14 -0.111188835916E-12  0.256611398797E-11
Ar              97
     5.248467000         10.49693400         0.000000000    
   0.00000000000       0.00000000000       0.00000000000    
  0.125455201783E-13 -0.277997069809E-11 -0.393544918875E-11
Ar              98
     7.872700500        -7.872700500         0.000000000    
   0.00000000000       0.00000000000       0.00000000000    
 -0.138167255415E-12  0.102085007114E-12 -0.391264798338E-11
Ar              99
     7.872700500         10.49693400         2.624233500    
   0.00000000000       0.00000000000       0.00000000000    
 -0.152433621281E-12 -0.272559752545E-11  0.204253280955E-12
Ar             100
     5.248467000        -7.872700500         2.624233500    
   0.00000000000       0.00000000000       0.00000000000    
 -0.449640324973E-14  0.117073017947E-12  0.216604512104E-12
Ar             101
     5.248467000         10.49693400         5.248467000    
   0.00000000000       0.00000000000       0.00000000000    
  0.107691633389E-13 -0.273531197692E-11  0.244249065418E-14
Ar             102
     7.872700500        -7.872700500         5.248467000    
   0.00000000000       0.00000000000       0.00000000000    
 -0.142441614059E-12  0.123179244582E-12  0.127953203588E-13
Ar             103
     7.872700500         10.49693400         7.872700500    
   0.00000000000       0.00000000000       0.00000000000    
 -0.158539847916E-12 -0.273348010893E-11 -0.138278277717E-12
Ar             104
     5.248467000        -7.872700500         7.872700500    
   0.00000000000       0.00000000000       0.00000000000    
 -0.383026943496E-13  0.110605968828E-12 -0.137917455234E-12
Ar             105
     5.248467000         10.49693400         10.49693400    
   0.00000000000       0.00000000000       0.00000000000    
 -0.699440505514E-14 -0.205674366427E-11 -0.204024297457E-11
Ar             106
     7.872700500        -7.872700500         10.49693400    
   0.00000000000       0.00000000000       0.00000000000    
 -0.145994327738E-12  0.958677581764E-13 -0.135552680192E-11
Ar             107
     7.872700500         10.49693400        -7.872700500    
   0.00000000000       0.00000000000       0.00000000000    
 -0.159317004034E-12 -0.138672406891E-11  0.113214992936E-12
Ar             108
     5.248467000        -7.872700500        -7.872700500    
   0.00000000000       0.00000000000       0.00000000000    
 -0.855981951986E-13  0.749261763744E-13  0.119793064357E-12
Ar             109
     5.248467000         10.49693400        -5.248467000    
   0.00000000000       0.00000000000       0.00000000000    
  0.136557432029E-13 -0.171929137593E-11  0.355157570020E-11
Ar             110
     7.872700500        -7.872700500        -5.248467000    
   0.00000000000       0.00000000000       0.00000000000    
 -0.198341343349E-12  0.709154956979E-13  0.320282689259E-11
Ar             111
     7.872700500         10.49693400        -2.624233500    
   0.00000000000       0.00000000000       0.00000000000    
 -0.107636122237E-12 -0.242530995287E-11  0.221639373521E-11
Ar             112
     5.248467000        -7.872700500        -2.624233500    
   0.00000000000       0.00000000000       0.00000000000    
 -0.426325641456E-13  0.990874049478E-13  0.185061688196E-11
Ar             113
     5.248467000        -5.248467000         0.000000000    
   0.00000000000       0.00000000000       0.00000000000    
  0.333066907388E-13  0.429067892327E-11 -0.427247126566E-11
Ar             114
     7.872700500        -2.624233500         0.000000000    
   0.00000000000       0.00000000000       0.00000000000    
 -0.170308211977E-12  0.222613594225E-11 -0.429911661826E-11
Ar             115
     7.872700500        -5.248467000         2.624233500    
   0.00000000000       0.00000000000       0.00000000000    
 -0.973110481084E-13  0.396446764306E-11  0.199923411159E-12
Ar             116
     5.248467000        -2.624233500         2.624233500    
   0.00000000000       0.00000000000       0.00000000000    
  0.233146835171E-14  0.256772381135E-11  0.177857728545E-12
Ar             117
     5.248467000        -5.248467000         5.248467000    
   0.00000000000       0.00000000000       0.00000000000    
  0.155986334960E-13  0.398808763791E-11  0.829891710907E-14
Ar             118
     7.872700500        -2.624233500         5.248467000    
   0.00000000000       0.00000000000       0.00000000000    
 -0.115574216863E-12  0.251695886355E-11  0.106581410364E-13
Ar             119
     7.872700500        -5.248467000         7.872700500    
   0.00000000000       0.00000000000       0.00000000000    
 -0.147604151124E-12  0.391477128492E-11 -0.119321219572E-12
Ar             120
     5.248467000        -2.624233500         7.872700500    
   0.00000000000       0.00000000000       0.00000000000    
 -0.145439216226E-13  0.257846521912E-11 -0.104805053525E-12
Ar             121
     5.248467000        -5.248467000         10.49693400    
   0.00000000000       0.00000000000       0.00000000000    
 -0.927036225562E-14  0.353644891149E-11 -0.169517178072E-11
Ar             122
     7.872700500        -2.624233500         10.49693400    
   0.00000000000       0.00000000000       0.00000000000    
 -0.132449606838E-12  0.222452611887E-11 -0.241123787603E-11
Ar             123
     7.872700500        -5.248467000        -7.872700500    
   0.00000000000       0.00000000000       0.00000000000    
 -0.175082170983E-12  0.320246607011E-11  0.967559365961E-13
Ar             124
     5.248467000        -2.624233500        -7.872700500    
   0.00000000000       0.00000000000       0.00000000000    
 -0.154876111935E-13  0.185523818530E-11  0.834055047250E-13
Ar             125
     5.248467000        -5.248467000        -5.248467000    
   0.00000000000       0.00000000000       0.00000000000    
 -0.461852778244E-13  0.287697643486E-11  0.288047363739E-11
Ar             126
     7.872700500        -2.624233500        -5.248467000    
   0.00000000000       0.00000000000       0.00000000000    
 -0.162092561595E-12  0.295430346853E-11  0.358846286019E-11
Ar             127
     7.872700500        -5.248467000        -2.624233500    
   0.00000000000       0.00000000000       0.00000000000    
 -0.141220368732E-12  0.357402996087E-11  0.291133783747E-11
Ar             128
     5.248467000        -2.624233500        -2.624233500    
   0.00000000000       0.00000000000       0.00000000000    
  0.142108547152E-13  0.299166247331E-11  0.294664292966E-11
Ar             129
     10.49693400         0.000000000         0.000000000    
   0.00000000000       0.00000000000       0.00000000000    
 -0.276312306369E-11 -0.396616073317E-11 -0.395194987846E-11
Ar             130
    -7.872700500         2.624233500         0.000000000    
   0.00000000000       0.00000000000       0.00000000000    
  0.143884903991E-12  0.189348536850E-12 -0.391553456325E-11
Ar             131
    -7.872700500         0.000000000         2.624233500    
   0.00000000000       0.00000000000       0.00000000000    
  0.148325796090E-12 -0.396438437633E-11  0.210664818923E-12
Ar             132
     10.49693400         2.624233500         2.624233500    
   0.00000000000       0.00000000000       0.00000000000    
 -0.271960232112E-11  0.266286992456E-12  0.215216733324E-12
Ar             133
     10.49693400         0.000000000         5.248467000    
   0.00000000000       0.00000000000       0.00000000000    
 -0.274757994134E-11 -0.395533605868E-11  0.198174809896E-13
Ar             134
    -7.872700500         2.624233500         5.248467000    
   0.00000000000       0.00000000000       0.00000000000    
  0.166977542904E-12  0.241529019007E-12  0.118793863635E-13
Ar             135
    -7.872700500         0.000000000         7.872700500    
   0.00000000000       0.00000000000       0.00000000000    
  0.117461596005E-12 -0.390090737490E-11 -0.114797060746E-12
Ar             136
     10.49693400         2.624233500         7.872700500    
   0.00000000000       0.00000000000       0.00000000000    
 -0.276045852843E-11  0.210387263166E-12 -0.137168054692E-12
Ar             137
     10.49693400         0.000000000         10.49693400    
   0.00000000000       0.00000000000       0.00000000000    
 -0.206190620133E-11 -0.386284060294E-11 -0.208116857081E-11
Ar             138
    -7.872700500         2.624233500         10.49693400    
   0.00000000000       0.00000000000       0.00000000000    
  0.156319401867E-12  0.230981900273E-12 -0.136557432029E-11
Ar             139
    -7.872700500         0.000000000        -7.872700500    
   0.00000000000       0.00000000000       0.00000000000    
  0.122790666524E-12 -0.384269005504E-11  0.934807786734E-13
Ar             140
     10.49693400         2.624233500        -7.872700500    
   0.00000000000       0.00000000000       0.00000000000    
 -0.140465417076E-11  0.210109707410E-12  0.112354570092E-12
Ar             141
     10.49693400         0.000000000        -5.248467000    
   0.00000000000       0.00000000000       0.00000000000    
 -0.171351821621E-11 -0.424864310400E-11  0.394051458130E-11
Ar             142
    -7.872700500         2.624233500        -5.248467000    
   0.00000000000       0.00000000000       0.00000000000    
  0.182520665248E-12  0.134170452526E-12  0.322747384374E-11
Ar             143
    -7.872700500         0.000000000        -2.624233500    
   0.00000000000       0.00000000000       0.00000000000    
  0.810462807976E-13 -0.430136481988E-11  0.152083901028E-11
Ar             144
     10.49693400         2.624233500        -2.624233500    
   0.00000000000       0.00000000000       0.00000000000    
 -0.240696351739E-11  0.128563826252E-12  0.220096163517E-11
Ar             145
     10.49693400         5.248467000         0.000000000    
   0.00000000000       0.00000000000       0.00000000000    
 -0.273520095462E-11  0.343336470365E-13 -0.393650390063E-11
Ar             146
    -7.872700500         7.872700500         0.000000000    
   0.00000000000       0.00000000000       0.00000000000    
  0.101696429056E-12 -0.118627330181E-12 -0.391219001639E-11
Ar             147
    -7.872700500         5.248467000         2.624233500    
   0.00000000000       0.00000000000       0.00000000000    
  0.164313007645E-12  0.552058398995E-13  0.237199149211E-12
Ar             148
     10.49693400         7.872700500         2.624233500    
   0.00000000000       0.00000000000       0.00000000000    
 -0.270716782325E-11 -0.121069820835E-12  0.207223127546E-12
Ar             149
     10.49693400         5.248467000         5.248467000    
   0.00000000000       0.00000000000       0.00000000000    
 -0.273669975570E-11  0.488775686591E-13  0.605071548421E-14
Ar             150
    -7.872700500         7.872700500         5.248467000    
   0.00000000000       0.00000000000       0.00000000000    
  0.152322598979E-12 -0.108524300657E-12  0.466293670343E-14
Ar             151
    -7.872700500         5.248467000         7.872700500    
   0.00000000000       0.00000000000       0.00000000000    
  0.156097357262E-12  0.267147415300E-13 -0.136557432029E-12
Ar             152
     10.49693400         7.872700500         7.872700500    
   0.00000000000       0.00000000000       0.00000000000    
 -0.273736588952E-11 -0.128896893159E-12 -0.130728761150E-12
Ar             153
     10.49693400         5.248467000         10.49693400    
   0.00000000000       0.00000000000       0.00000000000    
 -0.207234229777E-11  0.979771819232E-14 -0.205074845994E-11
Ar             154
    -7.872700500         7.872700500         10.49693400    
   0.00000000000       0.00000000000       0.00000000000    
  0.147881706880E-12 -0.124955601422E-12 -0.137767575126E-11
Ar             155
    -7.872700500         5.248467000        -7.872700500    
   0.00000000000       0.00000000000       0.00000000000    
  0.154765089633E-12  0.459354776439E-14  0.121680443499E-12
Ar             156
     10.49693400         7.872700500        -7.872700500    
   0.00000000000       0.00000000000       0.00000000000    
 -0.140998324127E-11 -0.171807013061E-12  0.118127729820E-12
Ar             157
     10.49693400         5.248467000        -5.248467000    
   0.00000000000       0.00000000000       0.00000000000    
 -0.170241598596E-11  0.158623114643E-13  0.355926399465E-11
Ar             158
    -7.872700500         7.872700500        -5.248467000    
   0.00000000000       0.00000000000       0.00000000000    
  0.109245945623E-12 -0.142053036001E-12  0.321170867679E-11
Ar             159
    -7.872700500         5.248467000        -2.624233500    
   0.00000000000       0.00000000000       0.00000000000    
  0.153876911213E-12  0.530131494259E-14  0.182914794422E-11
Ar             160
     10.49693400         7.872700500        -2.624233500    
   0.00000000000       0.00000000000       0.00000000000    
 -0.241850983684E-11 -0.103805852802E-12  0.220340412582E-11
Ar             161
     10.49693400         10.49693400         0.000000000    
   0.00000000000       0.00000000000       0.00000000000    
 -0.210459427663E-11 -0.209529615880E-11 -0.392756660528E-11
Ar             162
    -7.872700500        -7.872700500         0.000000000    
   0.00000000000       0.00000000000       0.00000000000    
  0.572875080707E-13  0.685562717706E-13 -0.389742405016E-11
Ar             163
    -7.872700500         10.49693400         2.624233500    
   0.00000000000       0.00000000000       0.00000000000    
  0.950350909079E-13 -0.135388922295E-11  0.237199149211E-12
Ar             164
     10.49693400        -7.872700500         2.624233500    
   0.00000000000       0.00000000000       0.00000000000    
 -0.141975320389E-11  0.108413278355E-12  0.224265050974E-12
Ar             165
     10.49693400         10.49693400         5.248467000    
   0.00000000000       0.00000000000       0.00000000000    
 -0.209188222300E-11 -0.205159500499E-11  0.605071548421E-14
Ar             166
    -7.872700500        -7.872700500         5.248467000    
   0.00000000000       0.00000000000       0.00000000000    
  0.111910480882E-12  0.946465128493E-13  0.117683640610E-13
Ar             167
    -7.872700500         10.49693400         7.872700500    
   0.00000000000       0.00000000000       0.00000000000    
  0.116129328376E-12 -0.137442834891E-11 -0.135669253609E-12
Ar             168
     10.49693400        -7.872700500         7.872700500    
   0.00000000000       0.00000000000       0.00000000000    
 -0.144906309174E-11  0.920374887414E-13 -0.126287869051E-12
Ar             169
     10.49693400         10.49693400         10.49693400    
   0.00000000000       0.00000000000       0.00000000000    
 -0.141331391035E-11 -0.137302669234E-11 -0.136141098395E-11
Ar             170
    -7.872700500        -7.872700500         10.49693400    
   0.00000000000       0.00000000000       0.00000000000    
  0.972555369572E-13  0.779931674799E-13  0.643929354283E-14
Ar             171
    -7.872700500         10.49693400        -7.872700500    
   0.00000000000       0.00000000000       0.00000000000    
  0.113020703907E-12 -0.156541446472E-13  0.114575016141E-12
Ar             172
     10.49693400        -7.872700500        -7.872700500    
   0.00000000000       0.00000000000       0.00000000000    
 -0.941469124882E-13  0.639488462184E-13  0.115685239166E-12
Ar             173
     10.49693400         10.49693400        -5.248467000    
   0.00000000000       0.00000000000       0.00000000000    
 -0.108602016269E-11 -0.103249353511E-11  0.319688719941E-11
Ar             174
    -7.872700500        -7.872700500        -5.248467000    
   0.00000000000       0.00000000000       0.00000000000    
  0.808242361927E-13  0.595634652711E-13  0.252636800369E-11
Ar             175
    -7.872700500         10.49693400        -2.624233500    
   0.00000000000       0.00000000000       0.00000000000    
  0.142330591757E-12 -0.104394271006E-11  0.148819845336E-11
Ar             176
     10.49693400        -7.872700500        -2.624233500    
   0.00000000000       0.00000000000       0.00000000000    
 -0.111732845198E-11  0.714983627859E-13  0.147387657634E-11
Ar             177
     10.49693400        -5.248467000         0.000000000    
   0.00000000000       0.00000000000       0.00000000000    
 -0.178795867001E-11  0.397518129525E-11 -0.426479684901E-11
Ar             178
    -7.872700500        -2.624233500         0.000000000    
   0.00000000000       0.00000000000       0.00000000000    
  0.501820807131E-13  0.151956225380E-11 -0.429847824002E-11
Ar             179
    -7.872700500        -5.248467000         2.624233500    
   0.00000000000       0.00000000000       0.00000000000    
  0.111466391672E-12  0.328842508779E-11  0.212552198064E-12
Ar             180
     10.49693400        -2.624233500         2.624233500    
   0.00000000000       0.00000000000       0.00000000000    
 -0.241007214186E-11  0.216265894082E-11  0.184852133600E-12
Ar             181
     10.49693400        -5.248467000         5.248467000    
   0.00000000000       0.00000000000       0.00000000000    
 -0.173261405223E-11  0.363664653946E-11  0.505151476204E-14
Ar             182
    -7.872700500        -2.624233500         5.248467000    
   0.00000000000       0.00000000000       0.00000000000    
  0.139666056498E-12  0.181415993339E-11  0.117128529098E-13
Ar             183
    -7.872700500        -5.248467000         7.872700500    
   0.00000000000       0.00000000000       0.00000000000    
  0.546229728116E-13  0.325720006522E-11 -0.132394095687E-12
Ar             184
     10.49693400        -2.624233500         7.872700500    
   0.00000000000       0.00000000000       0.00000000000    
 -0.244204656497E-11  0.221811458090E-11 -0.101085806392E-12
Ar             185
     10.49693400        -5.248467000         10.49693400    
   0.00000000000       0.00000000000       0.00000000000    
 -0.106115116694E-11  0.324074100888E-11 -0.100980335205E-11
Ar             186
    -7.872700500        -2.624233500         10.49693400    
   0.00000000000       0.00000000000       0.00000000000    
  0.101474384451E-12  0.147087897417E-11 -0.103844710608E-11
Ar             187
    -7.872700500        -5.248467000        -7.872700500    
   0.00000000000       0.00000000000       0.00000000000    
  0.843769498715E-13  0.250725828987E-11  0.117517107157E-12
Ar             188
     10.49693400        -2.624233500        -7.872700500    
   0.00000000000       0.00000000000       0.00000000000    
 -0.107869269073E-11  0.151972878726E-11  0.870969962818E-13
Ar             189
     10.49693400        -5.248467000        -5.248467000    
   0.00000000000       0.00000000000       0.00000000000    
 -0.761168905683E-12  0.250759135678E-11  0.252642351484E-11
Ar             190
    -7.872700500        -2.624233500        -5.248467000    
   0.00000000000       0.00000000000       0.00000000000    
  0.166533453694E-13  0.224648077918E-11  0.290789614610E-11
Ar             191
    -7.872700500        -5.248467000        -2.624233500    
   0.00000000000       0.00000000000       0.00000000000    
  0.304201108747E-13  0.295008462103E-11  0.221078710894E-11
Ar             192
     10.49693400        -2.624233500        -2.624233500    
   0.00000000000       0.00000000000       0.00000000000    
 -0.210276240864E-11  0.260080845749E-11  0.259919863410E-11
Ar             193
    -5.248467000         0.000000000         0.000000000    
   0.00000000000       0.00000000000       0.00000000000    
  0.468602934234E-11 -0.434052793707E-11 -0.427080593113E-11
Ar             194
    -2.624233500         2.624233500         0.000000000    
   0.00000000000       0.00000000000       0.00000000000    
  0.224220642053E-11  0.196453964207E-12 -0.430233626503E-11
Ar             195
    -2.624233500         0.000000000         2.624233500    
   0.00000000000       0.00000000000       0.00000000000    
  0.232569519198E-11 -0.434097202628E-11  0.182243109492E-12
Ar             196
    -5.248467000         2.624233500         2.624233500    
   0.00000000000       0.00000000000       0.00000000000    
  0.391953136614E-11  0.218602913549E-12  0.210165218562E-12
Ar             197
    -5.248467000         0.000000000         5.248467000    
   0.00000000000       0.00000000000       0.00000000000    
  0.431055191541E-11 -0.431360502873E-11  0.136557432029E-13
Ar             198
    -2.624233500         2.624233500         5.248467000    
   0.00000000000       0.00000000000       0.00000000000    
  0.267208477567E-11  0.201116900911E-12  0.688338275268E-14
Ar             199
    -2.624233500         0.000000000         7.872700500    
   0.00000000000       0.00000000000       0.00000000000    
  0.229127827822E-11 -0.431939206624E-11 -0.888178419700E-13
Ar             200
    -5.248467000         2.624233500         7.872700500    
   0.00000000000       0.00000000000       0.00000000000    
  0.395328214609E-11  0.184074977483E-12 -0.112687636999E-12
Ar             201
    -5.248467000         0.000000000         10.49693400    
   0.00000000000       0.00000000000       0.00000000000    
  0.396260801949E-11 -0.430348812142E-11 -0.172861724934E-11
Ar             202
    -2.624233500         2.624233500         10.49693400    
   0.00000000000       0.00000000000       0.00000000000    
  0.229460894730E-11  0.202560190843E-12 -0.242272868434E-11
Ar             203
    -2.624233500         0.000000000        -7.872700500    
   0.00000000000       0.00000000000       0.00000000000    
  0.152877710491E-11 -0.427878565912E-11  0.890398865749E-13
Ar             204
    -5.248467000         2.624233500        -7.872700500    
   0.00000000000       0.00000000000       0.00000000000    
  0.323341353692E-11  0.190292226421E-12  0.115685239166E-12
Ar             205
    -5.248467000         0.000000000        -5.248467000    
   0.00000000000       0.00000000000       0.00000000000    
  0.327249338739E-11 -0.456369664281E-11  0.323646665024E-11
Ar             206
    -2.624233500         2.624233500        -5.248467000    
   0.00000000000       0.00000000000       0.00000000000    
  0.298028268730E-11  0.159039448278E-12  0.359251517423E-11
Ar             207
    -2.624233500         0.000000000        -2.624233500    
   0.00000000000       0.00000000000       0.00000000000    
  0.261768384746E-11 -0.461400362362E-11  0.257599497289E-11
Ar             208
    -5.248467000         2.624233500        -2.624233500    
   0.00000000000       0.00000000000       0.00000000000    
  0.362465613080E-11  0.135780275912E-12  0.290401036551E-11
Ar             209
    -5.248467000         5.248467000         0.000000000    
   0.00000000000       0.00000000000       0.00000000000    
  0.431260582801E-11  0.487665463567E-13 -0.429523083767E-11
Ar             210
    -2.624233500         7.872700500         0.000000000    
   0.00000000000       0.00000000000       0.00000000000    
  0.225552909683E-11 -0.108413278355E-12 -0.431832347658E-11
Ar             211
    -2.624233500         5.248467000         2.624233500    
   0.00000000000       0.00000000000       0.00000000000    
  0.265298893964E-11  0.598687766029E-13  0.195010674275E-12
Ar             212
    -5.248467000         7.872700500         2.624233500    
   0.00000000000       0.00000000000       0.00000000000    
  0.391153776036E-11 -0.971445146547E-13  0.211552997342E-12
Ar             213
    -5.248467000         5.248467000         5.248467000    
   0.00000000000       0.00000000000       0.00000000000    
  0.387623266818E-11  0.359434704222E-13  0.262012633812E-13
Ar             214
    -2.624233500         7.872700500         5.248467000    
   0.00000000000       0.00000000000       0.00000000000    
  0.268229882749E-11 -0.996425164601E-13  0.532907051820E-14
Ar             215
    -2.624233500         5.248467000         7.872700500    
   0.00000000000       0.00000000000       0.00000000000    
  0.265187871662E-11  0.187211357527E-13 -0.103250741290E-12
Ar             216
    -5.248467000         7.872700500         7.872700500    
   0.00000000000       0.00000000000       0.00000000000    
  0.392796906112E-11 -0.109023901018E-12 -0.106470388062E-12
Ar             217
    -5.248467000         5.248467000         10.49693400    
   0.00000000000       0.00000000000       0.00000000000    
  0.350319773190E-11  0.235089725464E-13 -0.170929936871E-11
Ar             218
    -2.624233500         7.872700500         10.49693400    
   0.00000000000       0.00000000000       0.00000000000    
  0.226485497024E-11 -0.110300657497E-12 -0.242372788506E-11
Ar             219
    -2.624233500         5.248467000        -7.872700500    
   0.00000000000       0.00000000000       0.00000000000    
  0.185385040652E-11  0.203587147141E-13  0.890398865749E-13
Ar             220
    -5.248467000         7.872700500        -7.872700500    
   0.00000000000       0.00000000000       0.00000000000    
  0.319655413250E-11 -0.131450406116E-12  0.103805852802E-12
Ar             221
    -5.248467000         5.248467000        -5.248467000    
   0.00000000000       0.00000000000       0.00000000000    
  0.287281309852E-11  0.184990911478E-13  0.287730950177E-11
Ar             222
    -2.624233500         7.872700500        -5.248467000    
   0.00000000000       0.00000000000       0.00000000000    
  0.291588975188E-11 -0.127176047471E-12  0.359928753468E-11
Ar             223
    -2.624233500         5.248467000        -2.624233500    
   0.00000000000       0.00000000000       0.00000000000    
  0.300315328161E-11  0.135169653248E-13  0.294125834799E-11
Ar             224
    -5.248467000         7.872700500        -2.624233500    
   0.00000000000       0.00000000000       0.00000000000    
  0.359090535085E-11 -0.913713549267E-13  0.288491452949E-11
Ar             225
    -5.248467000         10.49693400         0.000000000    
   0.00000000000       0.00000000000       0.00000000000    
  0.394889676514E-11 -0.173380754198E-11 -0.428623803117E-11
Ar             226
    -2.624233500        -7.872700500         0.000000000    
   0.00000000000       0.00000000000       0.00000000000    
  0.150457424297E-11  0.818789480661E-13 -0.428955482246E-11
Ar             227
    -2.624233500         10.49693400         2.624233500    
   0.00000000000       0.00000000000       0.00000000000    
  0.226041407814E-11 -0.238839503730E-11  0.201894057028E-12
Ar             228
    -5.248467000        -7.872700500         2.624233500    
   0.00000000000       0.00000000000       0.00000000000    
  0.319655413250E-11  0.970334923522E-13  0.227706742351E-12
Ar             229
    -5.248467000         10.49693400         5.248467000    
   0.00000000000       0.00000000000       0.00000000000    
  0.352629037081E-11 -0.166962277337E-11  0.577315972805E-14
Ar             230
    -2.624233500        -7.872700500         5.248467000    
   0.00000000000       0.00000000000       0.00000000000    
  0.184785520219E-11  0.857647286523E-13  0.688338275268E-14
Ar             231
    -2.624233500         10.49693400         7.872700500    
   0.00000000000       0.00000000000       0.00000000000    
  0.228772556454E-11 -0.241870412587E-11 -0.116684439888E-12
Ar             232
    -5.248467000        -7.872700500         7.872700500    
   0.00000000000       0.00000000000       0.00000000000    
  0.317168513675E-11  0.916489106828E-13 -0.137667655054E-12
Ar             233
    -5.248467000         10.49693400         10.49693400    
   0.00000000000       0.00000000000       0.00000000000    
  0.318167714397E-11 -0.102658159751E-11 -0.101207930925E-11
Ar             234
    -2.624233500        -7.872700500         10.49693400    
   0.00000000000       0.00000000000       0.00000000000    
  0.146194167883E-11  0.657807142090E-13 -0.103839159493E-11
Ar             235
    -2.624233500         10.49693400        -7.872700500    
   0.00000000000       0.00000000000       0.00000000000    
  0.148792089760E-11 -0.104349862085E-11  0.104138919710E-12
Ar             236
    -5.248467000        -7.872700500        -7.872700500    
   0.00000000000       0.00000000000       0.00000000000    
  0.246869191756E-11  0.768274333041E-13  0.133448807560E-12
Ar             237
    -5.248467000         10.49693400        -5.248467000    
   0.00000000000       0.00000000000       0.00000000000    
  0.249444909173E-11 -0.675473565970E-12  0.252914356125E-11
Ar             238
    -2.624233500        -7.872700500        -5.248467000    
   0.00000000000       0.00000000000       0.00000000000    
  0.215427675698E-11  0.506816810741E-13  0.290650836732E-11
Ar             239
    -2.624233500         10.49693400        -2.624233500    
   0.00000000000       0.00000000000       0.00000000000    
  0.260791388484E-11 -0.208932871004E-11  0.260075294634E-11
Ar             240
    -5.248467000        -7.872700500        -2.624233500    
   0.00000000000       0.00000000000       0.00000000000    
  0.290523161084E-11  0.645594688820E-13  0.219191331752E-11
Ar             241
    -5.248467000        -5.248467000         0.000000000    
   0.00000000000       0.00000000000       0.00000000000    
  0.318728377025E-11  0.328143068273E-11 -0.463701299580E-11
Ar             242
    -2.624233500        -2.624233500         0.000000000    
   0.00000000000       0.00000000000       0.00000000000    
  0.251576537380E-11  0.258493226823E-11 -0.463243332582E-11
Ar             243
    -2.624233500        -5.248467000         2.624233500    
   0.00000000000       0.00000000000       0.00000000000    
  0.294919644261E-11  0.366146002406E-11  0.194788629670E-12
Ar             244
    -5.248467000        -2.624233500         2.624233500    
   0.00000000000       0.00000000000       0.00000000000    
  0.359845486742E-11  0.292343926844E-11  0.190736315631E-12
Ar             245
    -5.248467000        -5.248467000         5.248467000    
   0.00000000000       0.00000000000       0.00000000000    
  0.282907031135E-11  0.291897062077E-11  0.194289029309E-13
Ar             246
    -2.624233500        -2.624233500         5.248467000    
   0.00000000000       0.00000000000       0.00000000000    
  0.296762614482E-11  0.294325674943E-11  0.660582699652E-14
Ar             247
    -2.624233500        -5.248467000         7.872700500    
   0.00000000000       0.00000000000       0.00000000000    
  0.288968848849E-11  0.362090912809E-11 -0.102862163232E-12
Ar             248
    -5.248467000        -2.624233500         7.872700500    
   0.00000000000       0.00000000000       0.00000000000    
  0.356337181984E-11  0.294786417498E-11 -0.111577413975E-12
Ar             249
    -5.248467000        -5.248467000         10.49693400    
   0.00000000000       0.00000000000       0.00000000000    
  0.249777976080E-11  0.258212895510E-11 -0.672462086015E-12
Ar             250
    -2.624233500        -2.624233500         10.49693400    
   0.00000000000       0.00000000000       0.00000000000    
  0.259547938697E-11  0.256134002896E-11 -0.208139061542E-11
Ar             251
    -2.624233500        -5.248467000        -7.872700500    
   0.00000000000       0.00000000000       0.00000000000    
  0.211031192521E-11  0.290915902479E-11  0.962008250838E-13
Ar             252
    -5.248467000        -2.624233500        -7.872700500    
   0.00000000000       0.00000000000       0.00000000000    
  0.285993451143E-11  0.217093010235E-11  0.103084207836E-12
Ar             253
    -5.248467000        -5.248467000        -5.248467000    
   0.00000000000       0.00000000000       0.00000000000    
  0.176814118902E-11  0.179134485023E-11  0.184746662413E-11
Ar             254
    -2.624233500        -2.624233500        -5.248467000    
   0.00000000000       0.00000000000       0.00000000000    
  0.319277937422E-11  0.333849614620E-11  0.323474580455E-11
Ar             255
    -2.624233500        -5.248467000        -2.624233500    
   0.00000000000       0.00000000000       0.00000000000    
  0.322075699444E-11  0.324851257005E-11  0.328148619388E-11
Ar             256
    -5.248467000        -2.624233500        -2.624233500    
   0.00000000000       0.00000000000       0.00000000000    
  0.325428572978E-11  0.334376970557E-11  0.326660920535E-11
