generated by gen_cubic.py                                                       
 ENERGY UNITS=electron Volts 
         1  0.000000E+00        37
 -2.289459E+01  0.000000E+00 -2.289459E+01 -2.289459E+01  0.000000E+00
  0.000000E+00  0.000000E+00  0.000000E+00  0.000000E+00 -2.305297E+01
  0.000000E+00  4.751332E-01  4.751332E-01  0.000000E+00  0.000000E+00
  0.000000E+00  0.000000E+00  0.000000E+00  9.252890E+03  0.000000E+00
  0.000000E+00  0.000000E+00  9.000000E+01  9.000000E+01  9.000000E+01
  0.000000E+00 -2.706517E-02  0.000000E+00 -2.706517E-02  3.452949E-18
  1.411855E-17  3.452949E-18 -2.706517E-02  2.115423E-17  1.411855E-17
  2.115423E-17 -2.706517E-02
