ex7
         0         1       256  0.0
     22.877600000000       0.000000000000       0.000000000000
      0.000000000000      22.877600000000       0.000000000000
      0.000000000000       0.000000000000      22.877600000000
Ar               1
    6.599585112         -3.622376901          8.102714616
Ar               2
    3.770864700          5.092909638          3.929972855
Ar               3
   10.119742860          7.231588671          4.040938632
Ar               4
   -9.500109954          6.168151656          3.421597164
Ar               5
    2.424564679          6.404862822          9.827159513
Ar               6
   -0.843469639          1.778628703        -10.325975640
Ar               7
   -9.898857733          9.487988145          2.147311767
Ar               8
   -1.972231158         10.501460520          9.625084095
Ar               9
    6.466448990          0.126162898          7.822534635
Ar              10
   -4.182030969          0.754501342          3.054688551
Ar              11
    8.914832702        -10.676929900         -3.861872880
Ar              12
   -1.285076296          2.906374163          2.139008301
Ar              13
    3.770435908        -11.087876350          5.150207615
Ar              14
  -10.073024090         -3.003122233         10.535787870
Ar              15
   10.687825940         11.041377820          5.855690217
Ar              16
   -3.651488230          9.755164545          5.207097450
Ar              17
   -0.944278780         -5.151032650         -2.026087268
Ar              18
    9.239199187          1.535970353          5.284554699
Ar              19
   -6.324115003          7.373837751         -3.806184677
Ar              20
   -3.158906653        -10.042400420         -5.131299900
Ar              21
    1.034450880         -4.141140204          0.981555851
Ar              22
   -0.848978895         -5.014656748         -9.165442745
Ar              23
   -8.206193200          0.813165645         10.280655160
Ar              24
    6.794579904          6.837310492         -3.833733723
Ar              25
  -10.416331930         -4.277198536         -8.916006859
Ar              26
    6.974571275          9.076698433         -8.728421899
Ar              27
   -7.758799641         -5.298039919         -6.562539629
Ar              28
    0.419356353         -9.260448282         -8.769015033
Ar              29
   -3.354240450          1.470542907         -1.148338604
Ar              30
  -10.926411900         -1.287326367         -1.954593675
Ar              31
   -4.696538258        -10.862106810          1.278711574
Ar              32
   10.734356930         -7.099791469         -2.888909685
Ar              33
   -2.945188745         -3.317345700         11.281408680
Ar              34
    3.377763378         -5.583806143          8.204941894
Ar              35
   11.430264530         -0.383471350          2.709763699
Ar              36
   -2.551701155          7.042819404        -11.409346720
Ar              37
    2.982279280          4.712348926         -5.648326118
Ar              38
  -11.233667610          1.502446179        -11.282523410
Ar              39
    1.160720415         11.048072540          1.012731311
Ar              40
    7.382877992        -10.784466180          6.036934415
Ar              41
   -7.377733487         -9.271668474          3.161082166
Ar              42
    3.122753201          0.284014681         -9.414505904
Ar              43
    7.864752447          4.881658058         -1.457512318
Ar              44
    4.089210595         -0.913994183         10.125054630
Ar              45
    5.189667850          0.364167039         -1.626225726
Ar              46
    5.311755309          5.645722511         -8.614540280
Ar              47
   -4.592211943         -1.507490812          0.329028804
Ar              48
   -8.313000776         -1.266178015         -9.388228630
Ar              49
    9.736818617         -9.151764026          8.957510427
Ar              50
    1.091036180          1.333901098         -0.561926737
Ar              51
    4.255581088          6.836421712          0.470764138
Ar              52
   -9.858557054         -1.666871848          5.612307726
Ar              53
   -4.073686907          8.728067258         -6.152714983
Ar              54
   -4.816384852          5.881313438         -9.007433236
Ar              55
    8.655803159          0.888197596         -8.015486963
Ar              56
  -10.857501990        -10.234058120         -1.055065507
Ar              57
   -3.376664665         -6.735430462        -11.359765470
Ar              58
    8.241233252          3.206422214        -10.665514980
Ar              59
  -10.470742100          6.900648009         -6.038478493
Ar              60
   -5.083462737          2.285381039         -8.157648723
Ar              61
    1.749214604         -1.973146120         -1.672159885
Ar              62
  -11.331733660          4.082052634          5.539562999
Ar              63
    9.308785170         10.371146180          2.496366144
Ar              64
    6.854298586         -7.348709567          7.639285559
Ar              65
    5.909146405        -11.387666440         -6.100243547
Ar              66
    9.719101510         -2.274354015          6.548620975
Ar              67
    5.535042994          1.300305533          4.581161524
Ar              68
    0.246320039         -7.002015580         -5.613381795
Ar              69
    0.445619001         -1.327533279         10.899319770
Ar              70
   -8.596847824         -8.546273104         -3.882126016
Ar              71
   -0.756302113          0.405084457         -4.000724884
Ar              72
   -2.760620643         -7.900700675         -8.099508567
Ar              73
    8.571623866          5.352408573         -7.117499978
Ar              74
   -3.577848068         -0.907036699          6.489862264
Ar              75
    2.380902998          7.547813413         -2.272484015
Ar              76
   -0.942116947         -7.863646911          0.312478699
Ar              77
   -6.013051218        -10.537452150          6.324532492
Ar              78
   -8.783190898        -10.176752340          9.797896332
Ar              79
   -4.590478292          0.809293504         -4.454446741
Ar              80
    6.856838073         -8.791752589         10.897552850
Ar              81
   -2.392712514        -10.288150590          6.812086569
Ar              82
    8.427337036          6.780525172         10.854115860
Ar              83
   -5.671677837         -2.537563219         -5.452917362
Ar              84
  -10.769452110         -9.811793433          2.604303202
Ar              85
   -5.082267459          4.657902436          3.909402836
Ar              86
    8.535497446        -10.548492510         -0.460808382
Ar              87
    7.497360365          4.926390276          5.164946609
Ar              88
    5.143708753         -3.528668252         -2.011906970
Ar              89
   -9.870878903          8.871738721         -3.192190007
Ar              90
   -6.306782052         11.216349660         -3.483678352
Ar              91
    9.671806881         -0.886364094          9.666580396
Ar              92
    0.308570427         -5.589765571          9.855814001
Ar              93
   -2.466640208          8.751015855          0.969842397
Ar              94
    7.054593263         -5.627280531          4.507288584
Ar              95
    5.197790089          3.633888016         11.305138590
Ar              96
    1.660891766          0.761603214          3.724866128
Ar              97
   -7.837663763         -5.135277989          3.968058015
Ar              98
  -11.093972980          5.953926575         11.186521810
Ar              99
    6.215663877         -6.439387756          1.057741892
Ar             100
    1.952181387         10.410929920          8.584398265
Ar             101
   -3.989266127         -8.157368500         -2.476833538
Ar             102
    3.983712837         -2.100469135          2.448024817
Ar             103
  -10.003150690        -10.563121310         -9.698633121
Ar             104
    0.608281251          0.365166231          7.432062605
Ar             105
   -6.934047949         -4.380186709          0.727249233
Ar             106
    8.394370441         -2.422637154         -7.149099613
Ar             107
    8.833287862          3.704535031          8.414824293
Ar             108
   -4.468819045          3.591964445         10.859890300
Ar             109
   -9.444372577          1.825962229         -2.193084166
Ar             110
    4.557411689         10.675334670          1.824249619
Ar             111
   -1.179747785          4.473342027          9.339400768
Ar             112
   -9.319286726         -9.762294624          6.408968417
Ar             113
   -6.492644509         -1.852137558          4.234529143
Ar             114
    0.520308267         -9.855810953         -2.542371474
Ar             115
    0.876220717         10.678621920        -10.758295700
Ar             116
  -10.326972530          8.882403932          9.029221444
Ar             117
   -3.865323662          6.462213348          7.980241064
Ar             118
    7.405602077         -9.561993221          2.848890685
Ar             119
   -3.050015705          5.603163957         -0.889097215
Ar             120
   -8.240786571         -5.303981406          7.742901746
Ar             121
    7.550667041          7.036215507          1.522281855
Ar             122
   -5.577971375          4.028877206         -3.424783739
Ar             123
    8.879999507          3.558712880          2.335728485
Ar             124
   -1.244846869         -1.233727791          0.453897749
Ar             125
    7.092342885         -1.228399839          0.873641296
Ar             126
   -2.159728394         -6.693078724          7.413204689
Ar             127
    2.092389511         -3.299355831         -5.091636795
Ar             128
    8.103505125         -1.305607150         -3.468959543
Ar             129
   -8.549690697          1.608076729         -5.465053934
Ar             130
   -5.801353413          9.562720614          8.373833577
Ar             131
   -8.458841389         -7.207329849         -9.391538404
Ar             132
    2.873786984         -6.084046130         -1.930974630
Ar             133
    2.486532211         -5.176012156          4.484653021
Ar             134
    2.242228170          8.450211417          3.157999831
Ar             135
   -8.419123536         -0.891309209          1.178389431
Ar             136
   -7.646315309          4.735321479         -6.002440200
Ar             137
   -8.637515108          8.895256159        -10.738954310
Ar             138
    4.262000137          3.821931747         -1.800185519
Ar             139
   -8.905271410         -4.071765921         -2.664770515
Ar             140
    6.831932052          2.510052105         -4.362603378
Ar             141
   -0.587530031         -2.946634240          7.618818514
Ar             142
   10.999178920         -4.670717678          4.206721377
Ar             143
   -7.248943272         -1.014198774         -2.558445181
Ar             144
    8.292552848         -5.580576725         10.340748250
Ar             145
    6.422576801         -4.581413698         -9.342541676
Ar             146
    3.999599704         -9.417566815         -1.331734741
Ar             147
   -2.532337042          8.199334378         -3.190689010
Ar             148
    0.126753799         10.616593780          5.396558197
Ar             149
  -10.675919000         -6.887286185         10.215593640
Ar             150
   -2.741397912          0.765882718          9.539081070
Ar             151
   -4.696457591         -6.086706040         -5.490972070
Ar             152
   -4.745178553         -4.659996452          6.386959871
Ar             153
   10.961988280          8.746271725         -9.007669326
Ar             154
    0.500280985          7.655041876         -5.365901661
Ar             155
    2.367491906          7.708875223         -9.142702074
Ar             156
  -10.781770090         -8.322264586         -6.820032908
Ar             157
   10.550446000          1.116930589         -4.679184386
Ar             158
    6.475983880         -7.159104493         -2.434813012
Ar             159
    5.811383612         10.135582680         -1.625980543
Ar             160
  -11.289239170         -4.653305537         -5.101193477
Ar             161
   -0.231366456         11.098031350         -5.534050374
Ar             162
   -1.832114585          6.520389664          3.682163865
Ar             163
    4.269868457          7.726234415         -6.007923359
Ar             164
   -8.491125088          9.918877403          5.378554225
Ar             165
    2.782989018         10.576972920         -3.406136512
Ar             166
   -4.698821138         -7.316206880          1.188985244
Ar             167
   -6.431812166         -9.628635759         -6.667902019
Ar             168
    2.726549062         -5.476896603         -8.023862418
Ar             169
    1.204448951         -8.850368942          6.868430912
Ar             170
    5.169742167          2.971538310          1.557747411
Ar             171
    3.055805090         -8.127427001          2.011347409
Ar             172
   -9.130187636          5.381640045         -2.539281885
Ar             173
    9.373195999          8.539287775         -1.454880377
Ar             174
   10.446697000         -5.729334030          7.393553169
Ar             175
   -4.815690700         -3.861812707         -2.565286920
Ar             176
    6.225657219         -4.896252350         -5.236271747
Ar             177
    4.280080112          3.580142363          7.399552176
Ar             178
    9.639563260         -8.361646890          4.858549990
Ar             179
    6.269343825          6.833107387          7.892864114
Ar             180
    8.496055321         -4.127590084         -1.010344544
Ar             181
   -6.495399597         -4.281632939         11.312564830
Ar             182
   -9.381315423         -1.723408177         -5.619505838
Ar             183
    3.876174337         -8.183560328         -5.218571029
Ar             184
   -4.396294914          9.276002854         -9.736159640
Ar             185
    2.595550788         -7.674104869        -10.996723990
Ar             186
  -11.089111440          3.177371098         -7.954821202
Ar             187
   -0.234725343         -2.956094749          3.926441794
Ar             188
    8.782895317          1.311097261         -1.038118019
Ar             189
    9.695695361         -6.430018351         -9.097688327
Ar             190
  -11.026361290          1.380796078          7.773628877
Ar             191
    9.693875295        -11.378948530        -11.204865020
Ar             192
    0.538268994          4.365714973         -2.250095085
Ar             193
   -7.920580862          5.049018036         -9.751911943
Ar             194
    5.719329519         -8.173550834         -8.566321640
Ar             195
    4.193821652         -9.655160149          8.832907096
Ar             196
    9.362199325          8.795046732         -5.868398418
Ar             197
    0.139161157         -0.990016930         -7.448672094
Ar             198
   -0.464929186         -7.160427456          3.461392505
Ar             199
    3.074374700          1.047225709         -4.615732153
Ar             200
   -4.397964150         -4.307382416         -8.784618397
Ar             201
    6.494645451         -0.946807480        -10.140259320
Ar             202
    4.670452790         -2.152623766         -7.399800560
Ar             203
   -7.482820993          9.753004644         -6.737901873
Ar             204
   -5.561680573          8.411031970         -0.742049966
Ar             205
    9.901589185         -7.259007805          0.773372364
Ar             206
    9.700582582          7.219706700          7.781396659
Ar             207
    4.509656704         -7.785236055          5.225313414
Ar             208
  -11.155472420          6.542188840          0.152204142
Ar             209
   -6.137701247          2.248061279          7.798527623
Ar             210
    0.477576168          2.705169168         -6.596145367
Ar             211
   -1.935664047          4.974848018         -4.995264430
Ar             212
   10.497352360          5.294320977         -3.666175412
Ar             213
   -5.025149661         -0.090758485        -11.250732990
Ar             214
    0.737156302          5.708263999          1.063976641
Ar             215
   -1.617528542         -3.702652482         -5.115211336
Ar             216
  -10.549069020         11.301097090         -5.435261885
Ar             217
   -2.522174898        -10.581381490        -10.258826720
Ar             218
    2.227548548          2.151437801         10.034517310
Ar             219
   -2.465401035          2.327410462          6.512528927
Ar             220
    5.521014557          2.059155151         -7.624351352
Ar             221
    6.199422732          8.983340069          4.600537658
Ar             222
    0.830882081          4.003129105          6.181058674
Ar             223
   -4.984331084         -9.035507030          9.383470868
Ar             224
   -0.575141846          5.661549278         -8.418024084
Ar             225
   -9.003637169          4.578228926          8.890854355
Ar             226
    2.218361074          3.757556730         -9.380046019
Ar             227
   -4.235881597         -4.052964240          3.081340410
Ar             228
   -7.954678167         11.203836750         -0.238375796
Ar             229
   -7.907107999          1.538245945          4.136596159
Ar             230
  -11.039891200         -3.987734254          0.457288686
Ar             231
   -6.146201573         -1.548496239          8.468083498
Ar             232
   -1.018704843          9.237988749         -8.230687601
Ar             233
   -6.251656819          8.643233969          2.825586026
Ar             234
    4.504675899        -11.433321460        -10.752774490
Ar             235
    8.242132418         -7.899916602         -6.207942015
Ar             236
   -1.873671602        -10.743157830          3.127992871
Ar             237
   -0.340287148          7.374052082          7.278401467
Ar             238
    6.974774012         10.596599290          9.193583665
Ar             239
   -4.473945612         -8.030824821          4.644266123
Ar             240
   -6.587667613          2.232226962          0.518371035
Ar             241
   -7.261980770          5.568794130          0.965739614
Ar             242
    3.445744581         -2.455056731          6.754904898
Ar             243
   -0.563088993         -9.089849006          9.934639452
Ar             244
   -2.608891620        -11.302080100         -1.678972673
Ar             245
    7.093466462         -1.863472086          4.411966640
Ar             246
   -6.063541852          6.893015184         10.445779680
Ar             247
   -7.128339727          6.638964611          6.325330116
Ar             248
  -10.312170700          2.987494185          1.031677043
Ar             249
    3.132060509          7.643147082          6.647109956
Ar             250
   -9.104685999         -7.423354517          0.487699919
Ar             251
   -3.402328518         -0.875917838         -7.985919451
Ar             252
   10.764169450         -1.419452458         -9.810101045
Ar             253
    2.679725083         10.695510930         -7.554472168
Ar             254
   -6.171247511        -10.295215150        -10.244205530
Ar             255
    4.885096534          8.229173599         11.127013500
Ar             256
    9.074160567        -11.001102160         -7.616757444
