LJ                                                                              
         2         1       256  -153188.219466    
     22.877600000000      0.000000000000      0.000000000000
      0.000000000000     22.877600000000      0.000000000000
      0.000000000000      0.000000000000     22.877600000000
A                1
     6.599585112        -3.622376901         8.102714616    
 -0.512766548413       1.67476555739     -0.507023262403    
  -120.789494505       334.729046435      -380.273949963    
A                2
     3.770864700         5.092909638         3.929972855    
  -1.32148850600      0.131289985301      -1.75811941031    
  -120.750517910       243.651745681       276.997559624    
A                3
     10.11974286         7.231588671         4.040938632    
 -0.798922251791      0.239084533872       1.94501762047    
  -145.031007425       117.151533222       179.139407218    
A                4
    -9.500109954         6.168151656         3.421597164    
 -0.712768429688      -2.96112717901      -1.46845084576    
   257.727250800       3.79588219643       397.755616812    
A                5
     2.424564679         6.404862822         9.827159513    
  -1.74469682528     -0.862092196856     -0.270462407556    
  -879.989404729      -854.444447326       35.8953726375    
A                6
   -0.8434696395         1.778628703        -10.32597564    
   2.22959899425     -0.930527448415     -0.783608263914    
  -40.6068045222       73.6980119323       132.165883581    
A                7
    -9.898857733         9.487988145         2.147311767    
 -0.532670392535     -0.567503800973E-01  0.723534285112E-01
  -343.809807042      -7.59225367852      -117.895151420    
A                8
    -1.972231158         10.50146052         9.625084095    
   1.29342675824     -0.811405371921     -0.254614128625    
  -78.0935739506      -687.754468359      -131.363637213    
A                9
     6.466448990        0.1261628977         7.822534635    
 -0.483937577840       1.33138744449      -1.00246821010    
   413.808505469       167.899296733      -142.009770082    
A               10
    -4.182030969        0.7545013416         3.054688551    
  0.145288427389       1.82597338225      0.265827520384    
   65.6120730500       217.335663407       194.723777953    
A               11
     8.914832702        -10.67692990        -3.861872880    
   2.75935687891      -1.58854899988      0.286018259741    
   143.176076317      -107.887993775      -440.197051212    
A               12
    -1.285076296         2.906374163         2.139008301    
 -0.144436409729      0.878286980573E-01  0.733894468281    
  -90.2817373657      -107.889880017       20.9869874786    
A               13
     3.770435908        -11.08787635         5.150207615    
  0.368757668360     -0.799373708503     -0.737756776704    
  -325.438448504      -720.577101961       185.022467339    
A               14
    -10.07302409        -3.003122233         10.53578787    
   1.16345969440      -2.12714472455     -0.863033248902    
   145.410639097      -13.9945243876      -374.180041159    
A               15
     10.68782594         11.04137782         5.855690217    
 -0.193258046966      -1.11084600547      -1.34475725199    
   324.835649424      -394.106275029       50.4170283921    
A               16
    -3.651488230         9.755164545         5.207097450    
 -0.665206023554      0.439211319174       1.18915063935    
  -93.9618575931      -610.453897259      -68.7995589774    
A               17
   -0.9442787804        -5.151032650        -2.026087268    
   1.13395826724      -2.61087891814       2.21893731883    
   64.7440760984      -48.5787367682       200.513776509    
A               18
     9.239199187         1.535970353         5.284554699    
  0.288842919454      0.879870853789      0.591613676488    
  -472.526596782      -662.459233845       27.4742648226    
A               19
    -6.324115003         7.373837751        -3.806184677    
  0.319241958104       1.98344483380      -1.05226604883    
  -452.208296491       250.298724283      -789.373280344    
A               20
    -3.158906653        -10.04240042        -5.131299900    
  0.684309202196      0.566541591436      0.689605566774    
  -173.075437297      -254.527645928      -578.729319213    
A               21
     1.034450880        -4.141140204        0.9815558512    
  0.243377014589      0.567678183676       1.01775393431    
   260.752002604      -653.922626568      -156.530105074    
A               22
   -0.8489788949        -5.014656748        -9.165442745    
 -0.424823968792       1.10382916696       1.01129686571    
   412.780818230       47.6690295365       117.951933039    
A               23
    -8.206193200        0.8131656446         10.28065516    
  0.710540972615E-01  -2.06917586483      0.256553591855E-01
   227.307376360      -94.6333713187      -103.471365265    
A               24
     6.794579904         6.837310492        -3.833733723    
 -0.584843078461      0.178926912429      0.742769772127    
  -173.790427177       701.746269406      -739.001736946    
A               25
    -10.41633193        -4.277198536        -8.916006859    
  -2.96488393935      0.354259103333       2.96758679502    
   261.311840352      -94.1429392520       322.861194166    
A               26
     6.974571275         9.076698433        -8.728421899    
  -1.90801623559       1.66961162022      0.910673589673    
  -76.1542310276      -146.420099927      -145.542925457    
A               27
    -7.758799641        -5.298039919        -6.562539629    
 -0.734971534616       1.31617048434      0.518446630669    
  -834.997670114       311.008645760       138.142532890    
A               28
    0.4193563532        -9.260448282        -8.769015033    
   2.32866689956      -2.32838345135      0.498147818775    
   311.909552965      -7.91031870680       470.515421480    
A               29
    -3.354240450         1.470542907        -1.148338604    
   2.68370095266     -0.850591101872      -1.11623578594    
   291.671538619       385.245067841       54.1061747914    
A               30
    -10.92641190        -1.287326367        -1.954593675    
 -0.331482336406E-01   1.45188783721      0.197270494492    
  -579.412152952       28.6834841574      -8.67622937313    
A               31
    -4.696538258        -10.86210681         1.278711574    
 -0.567274656054      0.706625399348      -1.59434641787    
  -598.774889650      -427.733569403      -344.568944480    
A               32
     10.73435693        -7.099791469        -2.888909685    
   3.52771013724      0.367999066532      -1.95747806732    
  -201.990065941      -505.530426115       376.257798916    
A               33
    -2.945188745        -3.317345700         11.28140868    
  0.460747411121      0.250746980142      0.560227549776    
   665.709093966       1081.95493760      -1257.62460042    
A               34
     3.377763378        -5.583806143         8.204941894    
  0.786160560826       1.87665651429     -0.184051405797    
   377.636293741      -641.460345926       21.9161389882    
A               35
     11.43026453       -0.3834713502         2.709763699    
  0.173185183012      -1.47760219871       1.31175172891    
  -745.004197404       188.667804403       31.5425383528    
A               36
    -2.551701155         7.042819404        -11.40934672    
  -1.28337910526       1.14872294016       1.51916244460    
   923.513868701      -277.402023756      -575.393828089    
A               37
     2.982279280         4.712348926        -5.648326118    
  -2.02934619076      0.943819582933E-01   1.12779401341    
   268.768496552      -519.528320702       445.282616846    
A               38
    -11.23366761         1.502446179        -11.28252341    
   1.49966608523      0.670012889133       1.08347290641    
  -466.655890060       963.063747347       19.7219506129    
A               39
     1.160720415         11.04807254         1.012731311    
 -0.279166844875E-02  -1.60495197504      0.372731197818    
  -482.787247339       345.221630820      -349.953338145    
A               40
     7.382877992        -10.78446618         6.036934415    
  -1.12591957540      0.820761136458      -1.94205293005    
  -598.136466908       18.5245955446       540.889778209    
A               41
    -7.377733487        -9.271668474         3.161082166    
   1.77610474916      -1.41638290405     -0.816712898660    
  -4.89798022975      -95.5218707686      -84.6039531028    
A               42
     3.122753201        0.2840146814        -9.414505904    
   2.65100329062       2.35633285318       1.41912672309    
  -622.406388133       21.6200860715      -338.886965865    
A               43
     7.864752447         4.881658058        -1.457512318    
 -0.949450070664       1.14692803479     -0.188419618816    
   97.8575796770      -922.062575325       1466.36769047    
A               44
     4.089210595       -0.9139941832         10.12505463    
   1.03638598618       2.40335313272      -3.10135091567    
  -305.115384694      -347.707245666      -45.3041975525    
A               45
     5.189667850        0.3641670394        -1.626225726    
  -1.14815142876      -1.48560030262      -1.00354455619    
  -246.875039717      -110.896922541      -127.000692981    
A               46
     5.311755309         5.645722511        -8.614540280    
  0.368686034362      -1.32737520549      0.936872108216    
   175.343273400      -95.1189768529      -235.812929162    
A               47
    -4.592211943        -1.507490812        0.3290288037    
   1.58587478634       1.05371335897      0.659080196918    
  -1095.12315968      -320.407907184      -82.4129107925    
A               48
    -8.313000776        -1.266178015        -9.388228630    
  -2.83787031021      -2.35444576555     -0.737461423136    
   141.200582609       60.2132105996       40.2006055910    
A               49
     9.736818617        -9.151764026         8.957510427    
  0.868109726078      0.874535448733E-01  -1.65883124245    
   299.324353402      -105.930465242      -708.610601128    
A               50
     1.091036180         1.333901098       -0.5619267375    
 -0.303428334879     -0.149110116251       2.87787643426    
   187.189632579       145.963524569       211.356544645    
A               51
     4.255581088         6.836421712        0.4707641380    
   1.68163642606     -0.556285136109     -0.107858186098    
   144.285186527      -135.374169734       407.636396581    
A               52
    -9.858557054        -1.666871848         5.612307726    
 -0.587756764329       1.86626154834       2.79741249439    
   488.645287255      -39.1627522242       212.979576538    
A               53
    -4.073686907         8.728067258        -6.152714983    
  -1.26027212797       1.49619948047      -2.19863340144    
   69.1915490049       199.056341119      -688.662699751    
A               54
    -4.816384852         5.881313438        -9.007433236    
  -1.50145253994      -1.21993921452      -1.35175531719    
   871.601959759      -117.728764320       785.324927101    
A               55
     8.655803159        0.8881975964        -8.015486963    
  0.203697301113E-01 -0.972955611210      0.418342935426    
   964.657664570       409.332789062       306.150986732    
A               56
    -10.85750199        -10.23405812        -1.055065507    
 -0.392019713475     -0.792862065478     -0.136053253646    
  -713.756133284       260.551126887      -537.109012067    
A               57
    -3.376664665        -6.735430462        -11.35976547    
   2.18150758034       1.17196433561       2.93032676712    
   106.457984206      -339.354666938      -232.579156040    
A               58
     8.241233252         3.206422214        -10.66551498    
  0.359016393580      0.859098611874     -0.974400496249    
   1912.02576446      -79.7516271968       450.314201185    
A               59
    -10.47074210         6.900648009        -6.038478493    
  -1.13381046845      0.262532648300       1.77204749823    
   260.689642382       80.5913602513      -679.014714699    
A               60
    -5.083462737         2.285381039        -8.157648723    
  -1.69112277496      -2.51591817886      0.820556039834    
  -192.436834520       170.508901128       25.8117482000    
A               61
     1.749214604        -1.973146120        -1.672159885    
  0.318773206812     -0.901011286594       1.08953115731    
   148.997959963       8.84949195303      -385.778869018    
A               62
    -11.33173366         4.082052634         5.539562999    
  -1.48338782627      -1.24405845531      0.107809549841    
   80.0373083105       399.985819544       86.8378504392    
A               63
     9.308785170         10.37114618         2.496366144    
  0.109457536938      0.144330748304E-01  -2.11582186924    
   55.2508018091      -186.025643138      -105.910597264    
A               64
     6.854298586        -7.348709567         7.639285559    
 -0.987674297428E-01  -1.05693346395       1.15752278098    
   346.382562295      -10.4151528022       125.749470664    
A               65
     5.909146405        -11.38766644        -6.100243547    
 -0.422928917474       1.95623047675      -1.06537981803    
  -203.219577569       17.7102437269       291.693521227    
A               66
     9.719101510        -2.274354015         6.548620975    
  -1.09293785156      0.417639332983       2.30906715431    
   21.3925015790       6.83523403273       56.5451955978    
A               67
     5.535042994         1.300305533         4.581161524    
 -0.233742681712      -1.81507510185      0.452049602393    
  -218.185159761       163.138848558       170.868618556    
A               68
    0.2463200392        -7.002015580        -5.613381795    
   1.83677937045       1.39527920767       2.49342676824    
  -97.4825481703      -46.1822345883       85.1501150373    
A               69
    0.4456190007        -1.327533279         10.89931977    
   2.21438520504       2.22425260597       1.08576813913    
  -68.8505786647      -34.4897020149       60.4706280284    
A               70
    -8.596847824        -8.546273104        -3.882126016    
 -0.783353913224     -0.833760248055E-01   1.63959110388    
  -10.3873232000       88.9354372868       232.795836381    
A               71
   -0.7563021131        0.4050844575        -4.000724884    
  0.173272442720     -0.988358557586     -0.501737966088    
  -14.0156021033      -104.036295364       189.218654350    
A               72
    -2.760620643        -7.900700675        -8.099508567    
 -0.351370672695      0.312783222723      0.673388909488    
  -420.069488252       336.364329589       675.914808499    
A               73
     8.571623866         5.352408573        -7.117499978    
   1.96366414190     -0.501788494959      0.261251477142    
   183.666022138      -118.669431436       69.7058027310    
A               74
    -3.577848068       -0.9070366993         6.489862264    
 -0.374458116834       1.34995329062       2.72337691003    
   671.568826392      -464.878946998      -914.426522453    
A               75
     2.380902998         7.547813413        -2.272484015    
 -0.174271575123      -1.12775674653     -0.545866513581    
  -378.129459735      -1205.97548599       51.6102010866    
A               76
   -0.9421169474        -7.863646911        0.3124786988    
  -2.62966483746      -1.25690692427     -0.104444320584    
  -223.763392618      -570.083602163      -1287.66057957    
A               77
    -6.013051218        -10.53745215         6.324532492    
   1.65401954993      0.819042426150     -0.481339622456    
   308.638867533      -235.016515415      -28.6960218627    
A               78
    -8.783190898        -10.17675234         9.797896332    
  -1.26203742792       1.11633912559      0.884952030647    
   168.034666985      -153.614445068       303.013788698    
A               79
    -4.590478292        0.8092935040        -4.454446741    
  -1.00255812379      -1.55224603069       1.65896885167    
   65.4329940072      -231.674558976      -374.559527245    
A               80
     6.856838073        -8.791752589         10.89755285    
   1.79555535255     -0.612483446265      0.843820300207    
  -7.74727145603      -151.314597414       709.264894453    
A               81
    -2.392712514        -10.28815059         6.812086569    
 -0.611042992833      0.467293187295       1.50899674567    
  -61.1316897136       632.212176401       181.797920681    
A               82
     8.427337036         6.780525172         10.85411586    
   1.58212850088     -0.175534869144     -0.476389805249    
  -748.169819290       59.6163458830       953.413947889    
A               83
    -5.671677837        -2.537563219        -5.452917362    
   1.47493915686      -1.07601244973      -1.87238074641    
  -252.658062298       534.494550083      -1313.46780002    
A               84
    -10.76945211        -9.811793433         2.604303202    
  -1.90626777922       1.31625856105      0.434626023991    
  -534.401083030      -259.787831273       153.243689429    
A               85
    -5.082267459         4.657902436         3.909402836    
 -0.453702583277      0.508437448830      0.908733050605    
 -0.931419620363      -150.353662878      -1.85397847781    
A               86
     8.535497446        -10.54849251       -0.4608083822    
  0.408322784229      -2.13272249702      0.880581812404    
  -327.469027288       114.932252134       431.910829033    
A               87
     7.497360365         4.926390276         5.164946609    
  -2.20741217076      0.363511148788       2.00194242011    
  -347.425622475       77.2259145751       256.605345524    
A               88
     5.143708753        -3.528668252        -2.011906970    
  -1.99209040490     -0.302510458797      -1.65677653676    
   129.117865461       594.021726530       56.8048061200    
A               89
    -9.870878903         8.871738721        -3.192190007    
  -1.17543856387       1.77845889482     -0.475602847304    
   195.164198614      -186.749318828       901.104778526    
A               90
    -6.306782052         11.21634966        -3.483678352    
 -0.556350400428      0.108599026929     -0.853287352888    
   154.548844412      -45.2804780077      -39.0344291461    
A               91
     9.671806881       -0.8863640941         9.666580396    
   1.44842940231      0.554554426205     -0.129909144683    
  -300.529980785       100.850128100       399.503524206    
A               92
    0.3085704272        -5.589765571         9.855814001    
  -2.93917938733      0.390621264065     -0.275756223039    
  -361.523442413       131.707454378       499.448199830    
A               93
    -2.466640208         8.751015855        0.9698423965    
  -1.29909430398      0.792193313394      0.231909954748    
   253.368785308       353.873378506       40.2407251020    
A               94
     7.054593263        -5.627280531         4.507288584    
  0.560079328445       2.10007484958      0.861480067438    
   587.624812571       599.697866539      -157.268953909    
A               95
     5.197790089         3.633888016         11.30513859    
  -1.52381102379      -1.00286456296     -0.512628311823    
  -1667.74258127       268.647487224      -790.475548844    
A               96
     1.660891766        0.7616032135         3.724866128    
  0.972864436746      0.874925623688     -0.534482437624    
   8.77317328693       25.7200453984      -20.5510089063    
A               97
    -7.837663763        -5.135277989         3.968058015    
 -0.893674308745       2.57009263355     -0.812651820424    
  -264.747658332      -443.241702186       392.204818034    
A               98
    -11.09397298         5.953926575         11.18652181    
 -0.720586554334      -2.97098970459      -1.65569235509    
  -80.2601824662       57.7858466517       582.687814901    
A               99
     6.215663877        -6.439387756         1.057741892    
 -0.207985963382      0.554329929355      0.239130952584E-01
  -108.404795013       90.1079404526       25.0650850190    
A              100
     1.952181387         10.41092992         8.584398265    
 -0.350872634645       1.84240925530      -1.93058246922    
  -126.422112480       50.1807079728       164.842445829    
A              101
    -3.989266127        -8.157368500        -2.476833538    
   1.16523881334     -0.740500519224      0.360672560393E-01
  -315.514532350       777.159119437       693.408722633    
A              102
     3.983712837        -2.100469135         2.448024817    
   1.29476463922      0.545137008834       3.08138033196    
  -338.666633490      -73.2207966073       66.2299777960    
A              103
    -10.00315069        -10.56312131        -9.698633121    
   1.57309838147      -2.89257101506       1.79076393646    
   40.3995515698      -134.752509919       311.768388925    
A              104
    0.6082812506        0.3651662308         7.432062605    
  0.801009579342      0.942718130699      0.867921482629    
   13.5479730772       112.572477201      -204.101839368    
A              105
    -6.934047949        -4.380186709        0.7272492330    
   1.48817287495       1.14749529377       3.28134042003    
  -121.302793066       217.108932305      -655.326152234    
A              106
     8.394370441        -2.422637154        -7.149099613    
 -0.595750550278      0.674272748256       1.32305109265    
   146.712748383      -553.076487508       337.523704569    
A              107
     8.833287862         3.704535031         8.414824293    
  -1.36108031378       2.15265888035      0.260967268595    
  -51.2793081857      -129.850967285       142.405239428    
A              108
    -4.468819045         3.591964445         10.85989030    
  -1.96183165286     -0.349083654039       1.53835141577    
  -140.563257899       165.588624168       201.779361760    
A              109
    -9.444372577         1.825962229        -2.193084166    
  -1.69674471138      -2.81290763387      0.139335995602    
  -4.93341310161       301.532548972       424.465085690    
A              110
     4.557411689         10.67533467         1.824249619    
  0.845033179928E-01   1.10079456766      -1.47838945163    
   721.269029139       330.209241234      -381.587734465    
A              111
    -1.179747785         4.473342027         9.339400768    
   1.90892821724       1.24522122164      0.104735510979    
   360.505105855      -430.630268023       145.103546589    
A              112
    -9.319286726        -9.762294624         6.408968417    
 -0.759852409774     -0.168155578992      0.333514512703    
  -859.612258605       939.307638069      -311.863691817    
A              113
    -6.492644509        -1.852137558         4.234529143    
 -0.554031169308       1.39231244781      0.900236808513E-01
  -385.733637391       632.627428181       343.887672577    
A              114
    0.5203082668        -9.855810953        -2.542371474    
  0.544505329416     -0.456376578817      0.190602157285    
  -141.257747307       681.767593595       113.225270762    
A              115
    0.8762207167         10.67862192        -10.75829570    
  -1.46539566741      -1.97290118851      -1.37545049216    
   126.052927344       57.7215399025      -586.911518449    
A              116
    -10.32697253         8.882403932         9.029221444    
  0.557550755736      -1.12943934232      0.869413848275    
   225.068890366       296.638440817      -264.859715093    
A              117
    -3.865323662         6.462213348         7.980241064    
  0.542407366472      0.994305159652      0.825119137873    
   633.791153143      -205.991531285      -896.775946577    
A              118
     7.405602077        -9.561993221         2.848890685    
  0.584907674371       2.08844012810      -1.26214098159    
  -1516.61663613      -44.9079790999      -1439.10001189    
A              119
    -3.050015705         5.603163957       -0.8890972155    
 -0.570050230489       2.29116778675      -2.31323713217    
  -20.7957989358      -496.204940161       208.274028203    
A              120
    -8.240786571        -5.303981406         7.742901746    
   1.66617790476       1.58203167798     -0.847173485605    
  -54.7214345331       71.6666550667       41.3063212810    
A              121
     7.550667041         7.036215507         1.522281855    
 -0.325088955817      -1.25168608868      -1.37265478479    
   244.394687077       84.6048616022       119.009236773    
A              122
    -5.577971375         4.028877206        -3.424783739    
 -0.115193752618       1.31664348580      0.639703564937    
   510.103494727      -424.597873909       891.444274871    
A              123
     8.879999507         3.558712880         2.335728485    
 -0.843356738647      -4.25381418087      0.192017613273    
   327.474123498      -134.558009890      -735.003365276    
A              124
    -1.244846869        -1.233727791        0.4538977491    
  0.471282225435       2.15512181591     -0.599424354764    
   665.412283497       8.20257632750       178.442297637    
A              125
     7.092342885        -1.228399839        0.8736412965    
   1.69096967175       1.31655116563     -0.475671623696    
   284.273466118      -140.469777911       48.6193406409    
A              126
    -2.159728394        -6.693078724         7.413204689    
   1.35394487310      0.676940861274     -0.607455907553    
   371.934086009      -247.691030709       112.620510753    
A              127
     2.092389511        -3.299355831        -5.091636795    
   2.10264978278      0.719221011940       1.24799060815    
   14.5770300262      -87.3290363956       172.510965306    
A              128
     8.103505125        -1.305607150        -3.468959543    
 -0.273274558687       1.59523086977       1.95324672446    
  -152.923077038      -195.875861477      -90.8850445310    
A              129
    -8.549690697         1.608076729        -5.465053934    
  -2.69892367523      0.564741390010     -0.103132941196    
   117.636612123      -656.918426407      -422.629540758    
A              130
    -5.801353413         9.562720614         8.373833577    
  0.945773441902     -0.403302697238       1.29444380246    
   11.9602048312       376.830263106      -32.1431985707    
A              131
    -8.458841389        -7.207329849        -9.391538404    
  0.818521770986     -0.705581703024      -1.35117017500    
   278.113220519      -383.188539700      -577.227356999    
A              132
     2.873786984        -6.084046130        -1.930974630    
 -0.751263246722       1.33358261595      -1.25237540906    
  -611.309342880      -210.797689044      -46.8062765943    
A              133
     2.486532211        -5.176012156         4.484653021    
  0.551399806637      0.102508446825      0.950570309274    
  -165.570207750       390.739783268      -176.278371488    
A              134
     2.242228170         8.450211417         3.157999831    
  0.866419911015      0.901324117334      -1.54007105961    
  -257.694874213      -403.763129900       388.958999897    
A              135
    -8.419123536       -0.8913092091         1.178389431    
   2.11336836970     -0.797197007001     -0.868871410839    
   451.878089742      -175.802120830      -397.866038520    
A              136
    -7.646315309         4.735321479        -6.002440200    
 -0.927907583450     -0.385856191938      -1.28596218647    
   43.1278447441       1077.54712170      -942.689190838    
A              137
    -8.637515108         8.895256159        -10.73895431    
  0.757468249516      0.266030696424      -1.16243515357    
   271.356632723       82.6834331366       317.724738587    
A              138
     4.262000137         3.821931747        -1.800185519    
   2.06622158554       1.35220701769     -0.401927782674    
  -191.490016898       295.234188684      -350.381946029    
A              139
    -8.905271410        -4.071765921        -2.664770515    
   1.20135582400      -1.00786315263     -0.995204194217    
   491.563378063      -745.946596994       249.201839393    
A              140
     6.831932052         2.510052105        -4.362603378    
 -0.326586736495      0.687845870615E-03  0.330348402672    
   178.150829136       82.3156894509       246.755359571    
A              141
   -0.5875300310        -2.946634240         7.618818514    
  0.214769924731       4.37691827012      -1.60007646653    
  -189.523441927      -188.793526479      -62.1478017673    
A              142
     10.99917892        -4.670717678         4.206721377    
  -3.21590754817       1.53680029297      0.268068772611    
   179.450076488       24.9105491948      -892.985224660    
A              143
    -7.248943272        -1.014198774        -2.558445181    
  0.347051631630      0.928947500775     -0.644935364769    
   292.129720018       432.728696552       255.572532258    
A              144
     8.292552848        -5.580576725         10.34074825    
  -2.07874008909     -0.828631561287      -2.17289817236    
   554.804339356       38.4322906667       684.571397363    
A              145
     6.422576801        -4.581413698        -9.342541676    
   1.39354487059      -2.03321744740      -2.15577567330    
  -2.10053169256      -333.167068703      -182.766078325    
A              146
     3.999599704        -9.417566815        -1.331734741    
  -2.60517199595       1.54165958074       1.48839198566    
  -16.9283878332      -444.097944409       197.841551529    
A              147
    -2.532337042         8.199334378        -3.190689010    
  -2.41023608966     -0.682156840276      -1.07471001185    
   399.699996961       175.233356892       504.073428305    
A              148
    0.1267537993         10.61659378         5.396558197    
   1.68838376383     -0.632910406587     -0.282913741207    
   723.300942623      -575.807940180       262.539923510    
A              149
    -10.67591900        -6.887286185         10.21559364    
   1.10408201541      0.437192775826       1.03915590209    
   300.925288635       72.3572923087       536.919997049    
A              150
    -2.741397912        0.7658827176         9.539081070    
 -0.256724357463     -0.257854177749      0.308977321073    
   1507.49306388       4.06928495942      -675.331548273    
A              151
    -4.696457591        -6.086706040        -5.490972070    
  -3.30061072199     -0.409324595426      -1.52502919737    
   887.683511743      -446.201752154       233.764065854    
A              152
    -4.745178553        -4.659996452         6.386959871    
 -0.545291243819     -0.362987847280      -1.98055652297    
  -518.607566580       308.579428037       563.414961718    
A              153
     10.96198828         8.746271725        -9.007669326    
  -3.73104133020      -1.46653329120       2.13737435590    
   33.1943344241      -29.6711638969      -236.275284247    
A              154
    0.5002809846         7.655041876        -5.365901661    
  -3.13989774890      0.765222031355       1.72593482385    
   243.693134345      -267.160547689      -41.4514372337    
A              155
     2.367491906         7.708875223        -9.142702074    
  -1.90605362987       2.68062510222       2.07899251341    
  -200.262654480      -577.791710061      -346.969569357    
A              156
    -10.78177009        -8.322264586        -6.820032908    
   2.61284398213      -1.16385299328       1.74843569515    
  -212.422898639       320.147471718       40.2539699410    
A              157
     10.55044600         1.116930589        -4.679184386    
  0.482374697905      0.122770854219       1.01202397257    
   114.273859158       147.070116646      -40.7708777802    
A              158
     6.475983880        -7.159104493        -2.434813012    
 -0.116337807650E-01 -0.846625195335      0.487968960984E-01
   456.902242244      -55.1769972518      -232.061434385    
A              159
     5.811383612         10.13558268        -1.625980543    
   2.18495840525      -2.52424023050     -0.370387310568    
   282.757661995      -271.685356300       3.36962767852    
A              160
    -11.28923917        -4.653305537        -5.101193477    
  -2.43588644692      0.471071345188     -0.561534329368    
  -457.681132673       87.2711764795      -834.730116511    
A              161
   -0.2313664562         11.09803135        -5.534050374    
   1.98477633361     -0.806047663916      0.632815647403E-01
   312.291207512       457.133295083       568.803513024    
A              162
    -1.832114585         6.520389664         3.682163865    
  -1.07834141561     -0.198792357179E-01  0.684116406278    
   100.031596202      -103.067647787       332.581105789    
A              163
     4.269868457         7.726234415        -6.007923359    
 -0.108954926435      -2.23644935957       1.66494369166    
   109.872496662       1539.63174843       36.4097684245    
A              164
    -8.491125088         9.918877403         5.378554225    
 -0.916667314088     -0.290108873255     -0.228468260320    
  -91.7688787621      -439.992386100       160.178134099    
A              165
     2.782989018         10.57697292        -3.406136512    
 -0.998518756573     -0.423782026227      0.657181011260    
   343.956579533       975.887846030      -974.055220770    
A              166
    -4.698821138        -7.316206880         1.188985244    
 -0.682620366974E-01  0.357674467801E-01   1.38436795851    
   16.5559865042       288.179659491      -300.281832525    
A              167
    -6.431812166        -9.628635759        -6.667902019    
   1.55492656337     -0.801168633330       1.10549437929    
  -85.2255162784       283.775254559      -75.6391205936    
A              168
     2.726549062        -5.476896603        -8.023862418    
 -0.803069813467       1.85420606153      -2.42273551274    
   165.668397996      -43.5250824890       29.7353568486    
A              169
     1.204448951        -8.850368942         6.868430912    
  0.833833358235      0.543049387943      0.295197806562E-01
   4.50843979167       153.614605470      -331.624426689    
A              170
     5.169742167         2.971538310         1.557747411    
 -0.480852667435     -0.301241627729      -2.18773348915    
   232.383128255      -100.759222227      -627.614613484    
A              171
     3.055805090        -8.127427001         2.011347409    
   1.53913652342      -2.81609835895      0.828439606250    
  -282.479562721      -115.600808898      -203.146611253    
A              172
    -9.130187636         5.381640045        -2.539281885    
 -0.625666763618       1.01732910975       2.20532053864    
   664.352724120      -100.472429588       93.7667107227    
A              173
     9.373195999         8.539287775        -1.454880377    
  -1.13405890164       1.17227419821     -0.508822689052    
  -275.859609141       355.241191417      -311.455109189    
A              174
     10.44669700        -5.729334030         7.393553169    
  0.401116398869      0.807441452080      0.600830545932    
  -207.750007133      -176.116983095       332.843082454    
A              175
    -4.815690700        -3.861812707        -2.565286920    
 -0.883376216098     -0.779414979093      0.686597163186    
   405.289519812      -603.613452340       1229.21325109    
A              176
     6.225657219        -4.896252350        -5.236271747    
  0.268611444395      0.984778822894      -1.45370247952    
  -89.5165860722       98.8353270297      -291.135063265    
A              177
     4.280080112         3.580142363         7.399552176    
   1.32438373325     -0.399195330651E-02  -2.14234188641    
   262.490582439       84.8859557732      -28.0250958606    
A              178
     9.639563260        -8.361646890         4.858549990    
   1.99360475439      0.905429418829      -2.45869452053    
   1342.00849233       950.222899030       995.640700656    
A              179
     6.269343825         6.833107387         7.892864114    
 -0.189950831368      0.202069838433E-01   1.50492749012    
  -275.067854890      -33.2701269670       309.781170662    
A              180
     8.496055321        -4.127590084        -1.010344544    
 -0.271569328531E-01  -1.06457239688     -0.181138519806    
   249.582611226      -178.335106651      -47.4300220313    
A              181
    -6.495399597        -4.281632939         11.31256483    
  0.198707325323      -1.30651030479      0.281915010934    
  -464.634834262      -2.51213916554      -350.204772734    
A              182
    -9.381315423        -1.723408177        -5.619505838    
   3.76006691170      -1.90298833155      0.899331499429E-01
  -59.3201131495      -288.984338857      -144.874886940    
A              183
     3.876174337        -8.183560328        -5.218571029    
  -2.36215008946       1.45476616653     -0.968583848387    
 -0.860190105648      -4.32366375467       77.9728848128    
A              184
    -4.396294914         9.276002854        -9.736159640    
 -0.874953006733       2.81728065800      -3.04510184613    
  -755.372629379       896.002956908       161.929626883    
A              185
     2.595550788        -7.674104869        -10.99672399    
 -0.152210803136      -1.65698521112       1.68376662647    
   379.462517036      -32.0688516545      -343.989244965    
A              186
    -11.08911144         3.177371098        -7.954821202    
   1.61080277879     -0.940886088471      -1.03527682873    
   9.10099485874       111.258262376       100.884483799    
A              187
   -0.2347253429        -2.956094749         3.926441794    
   1.08163914116      -2.03936557460     -0.315569517591E-01
  -467.547511482       441.306676803       427.602873487    
A              188
     8.782895317         1.311097261        -1.038118019    
   2.21002109489     -0.675777095067E-01  -1.21805319522    
   300.394675929       239.231868379      0.158719199847    
A              189
     9.695695361        -6.430018351        -9.097688327    
  -1.10824323628       2.49969933831      0.351001223017    
  -143.839783347      -161.595372916      -271.820828703    
A              190
    -11.02636129         1.380796078         7.773628877    
   2.14168607862     -0.407117534347E-01 -0.534716506103    
   274.061211227      -258.554990977       242.141280329    
A              191
     9.693875295        -11.37894853        -11.20486502    
  0.231800577108      0.299349544769E-01  0.761754912402    
  -182.180279259      -299.667854132       68.8919448078    
A              192
    0.5382689941         4.365714973        -2.250095085    
  -2.97480169555      -2.22265408485       1.06165786553    
  -168.835908209       97.7726332885      -496.876777609    
A              193
    -7.920580862         5.049018036        -9.751911943    
  0.767739818785      0.248109850053     -0.334068061757    
  -1158.98451182      -372.718333078      -298.078537242    
A              194
     5.719329519        -8.173550834        -8.566321640    
  0.318093711662E-01 -0.194964307313      -1.12556520964    
  -425.205853274      -135.073921219      -209.690783835    
A              195
     4.193821652        -9.655160149         8.832907096    
  -1.08553657978      -1.85079721778      -1.01361729538    
  -238.558942678       32.1130460902      -318.728039338    
A              196
     9.362199325         8.795046732        -5.868398418    
   1.15884352870       1.95285045759      -1.10163408377    
  -254.578287934      -25.5898430015       635.171533541    
A              197
    0.1391611575       -0.9900169305        -7.448672094    
 -0.106592194695     -0.302229161844      0.465261443958    
   236.130827710      -75.4918367796      -28.5421112471    
A              198
   -0.4649291859        -7.160427456         3.461392505    
  -2.34463697316      0.575475525734      0.281757963658    
   82.4044383798       303.514584348       1549.17135275    
A              199
     3.074374700         1.047225709        -4.615732153    
   3.46002938267       2.25138774337     -0.365574930726    
   66.2518750801      -121.950908938       28.9814036493    
A              200
    -4.397964150        -4.307382416        -8.784618397    
  -1.46482858607     -0.438440661945       1.64942334827    
  -525.805689738      -358.381637192       1488.42605637    
A              201
     6.494645451       -0.9468074797        -10.14025932    
   1.12201490622       1.60053639454      -1.25419988987    
   462.146402327       122.756139135      -399.677347148    
A              202
     4.670452790        -2.152623766        -7.399800560    
  0.347721804794      -2.25358733546      0.500302869816    
  -171.585857204      -48.4574905726       639.768086712    
A              203
    -7.482820993         9.753004644        -6.737901873    
 -0.356408717666       1.13436049237      -1.40665782349    
  -201.420543289      -228.998738852      -199.070061809    
A              204
    -5.561680573         8.411031970       -0.7420499660    
  -3.06235110996     -0.402982505079     -0.329162847633    
   59.2712182767       413.954298719       609.442741580    
A              205
     9.901589185        -7.259007805        0.7733723635    
 -0.416751866143     -0.554410550773      -1.24525642956    
   1.49230582498      -34.4640282767       146.434987827    
A              206
     9.700582582         7.219706700         7.781396659    
 -0.687579684061      -1.83703344859       2.27404846372    
   603.945599260       110.084012089      -972.867608622    
A              207
     4.509656704        -7.785236055         5.225313414    
 -0.839144079650E-01 -0.390412675354       1.75020001279    
  -158.009228315      -425.404767491       94.1153400977    
A              208
    -11.15547242         6.542188840        0.1522041422    
  -1.46180009550      -1.97028256550      -1.29398727289    
   19.9918708198      -183.000013206       277.760193060    
A              209
    -6.137701247         2.248061279         7.798527623    
  0.662994447616      -1.03221104043       1.67965600278    
   245.247185488       97.9235011413      -349.033260897    
A              210
    0.4775761679         2.705169168        -6.596145367    
  -1.17581099019       1.00655496040      -2.26155978624    
  -925.578620862      -805.625396041       35.0706206929    
A              211
    -1.935664047         4.974848018        -4.995264430    
   1.39984386300     -0.763127427233       1.09300015206    
  -324.527485695      -96.1294718348       87.1202891530    
A              212
     10.49735236         5.294320977        -3.666175412    
   2.04603539924      -1.67932995493      -1.92233007725    
  -448.568542381      -178.055383722      -153.811261228    
A              213
    -5.025149661       -0.9075848517E-01    -11.25073299    
   1.02538584852      -2.06552866587      0.938531929920    
  -1143.06256080      -581.117650295       1441.14430157    
A              214
    0.7371563020         5.708263999         1.063976641    
 -0.847529178809      0.676845410504E-02   2.10496828981    
   89.5916634065       181.928330497       83.6153446524    
A              215
    -1.617528542        -3.702652482        -5.115211336    
 -0.486171482198       2.15332005671      -1.87357442805    
  -294.714931728       306.543109840      -564.696691198    
A              216
    -10.54906902         11.30109709        -5.435261885    
  0.109109533682E-02   2.40151758495      -1.18558484715    
  -247.629263852       386.191837585      -443.430743240    
A              217
    -2.522174898        -10.58138149        -10.25882672    
 -0.324269925015      0.562490418586       1.04821585159    
  -143.160012298      -216.216777814      -87.8650759016    
A              218
     2.227548548         2.151437801         10.03451731    
  0.944858214403      0.111788926454      0.879535786459    
  -413.477288877       195.845673668       247.090702736    
A              219
    -2.465401035         2.327410462         6.512528927    
  0.576508641193      -2.05131688796      -2.07124161987    
   54.1463865703       929.122352396      -716.786167803    
A              220
     5.521014557         2.059155151        -7.624351352    
  -1.65866015795      0.702775649968       1.05654041740    
  -704.621818312       452.078889530      -8.33649483292    
A              221
     6.199422732         8.983340069         4.600537658    
   1.50771935848     -0.303240282359      -2.97384163423    
   95.4281710752      -372.929123176       34.8921479167    
A              222
    0.8308820810         4.003129105         6.181058674    
   2.63613810413      -1.37687010390      -2.07183599020    
   54.5973829371       18.6438498261      -128.601021435    
A              223
    -4.984331084        -9.035507030         9.383470868    
   1.24457886659     -0.142739716862     -0.639882811661    
   44.8962116486      -140.519347358      -122.022885849    
A              224
   -0.5751418461         5.661549278        -8.418024084    
 -0.591804651090       2.61596194450       1.33207408267    
  -483.007634398       82.6509091172      -50.4753298085    
A              225
    -9.003637169         4.578228926         8.890854355    
  0.960639056894       1.55206059662      0.348059194699    
   402.455347972      -317.394470447      -411.660437909    
A              226
     2.218361074         3.757556730        -9.380046019    
   2.67169174028      0.432813443251      -2.29224576734    
   515.857196200       206.568742397      -508.310373569    
A              227
    -4.235881597        -4.052964240         3.081340410    
 -0.464705772602     -0.356095883812      -1.60914641535    
   1008.51099454      -468.639544095      -818.553911947    
A              228
    -7.954678167         11.20383675       -0.2383757965    
   1.70858882937      0.228463393050       1.13374027278    
   843.372253234      -193.802397671       180.715715093    
A              229
    -7.907107999         1.538245945         4.136596159    
 -0.451447294121      -1.45193968076       2.08973785962    
  -101.837791369       172.242482790       13.1858685605    
A              230
    -11.03989120        -3.987734254        0.4572886861    
   1.10257410031      -1.03689667372      0.746054013725    
   222.978740318      -91.9494323520       265.238800597    
A              231
    -6.146201573        -1.548496239         8.468083498    
 -0.332177590621      0.779757964165     -0.884081123438    
  -859.725005219      -485.957522331       456.153014808    
A              232
    -1.018704843         9.237988749        -8.230687601    
  0.303557568834      -2.08240720714     -0.959429560155    
  -434.369765951      -364.922444966      -551.553802026    
A              233
    -6.251656819         8.643233969         2.825586026    
   1.36290486514      -2.04107225092      -1.40101019964    
   90.2727422178      -33.9059793234       3.99260201159    
A              234
     4.504675899        -11.43332146        -10.75277449    
 -0.161148858458     -0.152865227758     -0.387020616817    
  -16.0931744471       709.725527907       293.696302932    
A              235
     8.242132418        -7.899916602        -6.207942015    
  0.663626375646     -0.521718190982      -1.05958510328    
   153.214596187       302.328596708       755.294957642    
A              236
    -1.873671602        -10.74315783         3.127992871    
   1.36696148198      0.131780992338      0.517859209104    
   303.834828280       554.864087436      -281.460868268    
A              237
   -0.3402871484         7.374052082         7.278401467    
 -0.920144480392E-01 -0.158976195367       1.89150418572    
  -271.677105161       233.355210154       19.3777294747    
A              238
     6.974774012         10.59659929         9.193583665    
 -0.840951415690       1.54368682349       1.13952720733    
   14.9077790906      -170.568938144       230.221431239    
A              239
    -4.473945612        -8.030824821         4.644266123    
  0.418051231450     -0.895057985297      0.997263887835    
   743.515759155       653.391948180       29.8072449978    
A              240
    -6.587667613         2.232226962        0.5183710350    
   1.69132027706      -1.45116772652     -0.316012614725    
   118.221074930      -511.243070670      -155.619867264    
A              241
    -7.261980770         5.568794130        0.9657396139    
  -2.08103340723     -0.630993738731     -0.793698427328    
   271.434667289       358.739130170      -635.728388115    
A              242
     3.445744581        -2.455056731         6.754904898    
 -0.159350102238     -0.107013412008     -0.986908918947    
  -148.888035942       723.230071119      -361.436269262    
A              243
   -0.5630889932        -9.089849006         9.934639452    
  -1.26486730357     -0.221045974934     -0.693633903959    
   26.1373045583       10.7038986083       290.066402334    
A              244
    -2.608891620        -11.30208010        -1.678972673    
  -1.52842205919      -2.06588682418     -0.624996984662    
  -54.1516211152      -423.214276975       177.677327883    
A              245
     7.093466462        -1.863472086         4.411966640    
  -1.33705955861     -0.262198132835      0.411231879669    
  -291.195831496      -191.257627662      -60.4002171863    
A              246
    -6.063541852         6.893015184         10.44577968    
  -2.02033534317      0.217268515344      -1.75120327974    
  -893.435871570      -393.576679037       993.005225685    
A              247
    -7.128339727         6.638964611         6.325330116    
   1.32830059921      0.966630596781      -2.38243621089    
  -68.7749365935      -32.4065658638       15.3065844716    
A              248
    -10.31217070         2.987494185         1.031677043    
   1.53086147015       1.65098734124      0.287889064174    
  -65.7861689337       66.9667410225       373.801354391    
A              249
     3.132060509         7.643147082         6.647109956    
 -0.588767276960      -1.20806407378      -1.69590960443    
   76.0548930691       107.227739535      -693.876367602    
A              250
    -9.104685999        -7.423354517        0.4876999187    
 -0.901568891508      0.967834564266     -0.541473229300    
   106.095258154       302.286019147      -211.669110401    
A              251
    -3.402328518       -0.8759178376        -7.985919451    
   2.07529506860      -2.98610702666     -0.669533014523    
   28.7984962798      -127.527164530       44.7468399811    
A              252
     10.76416945        -1.419452458        -9.810101045    
  0.829388892522     -0.640737031189      0.888741144560E-01
  -406.956813161      -260.254650404       376.385347475    
A              253
     2.679725083         10.69551093        -7.554472168    
  0.477653091043      0.471057392629E-01  0.776910052899    
   100.317112496       603.613618931       292.069877152    
A              254
    -6.171247511        -10.29521515        -10.24420553    
  -2.23169090084       2.35357071193      0.199575026319    
  -185.455736236      -37.7331258452      -22.3051045440    
A              255
     4.885096534         8.229173599         11.12701350    
  -3.37278627483     -0.688871955170E-01  0.670760976056    
   802.284032810      -213.412570575       144.020611362    
A              256
     9.074160567        -11.00110216        -7.616757444    
  0.152434145141E-01  0.597477730648E-01  0.792745298659    
   502.587685965       125.729186698      -348.970919039    
