   -1.528794278424694   0.139815493192864   2.332548477784432
    0.643466952111591   2.583538123837147   0.617445976627908
    2.211544697527752  -1.739920805881149   0.778399056363802
   -2.025234072890962   0.003939576513831  -2.102990936866785
    1.170369191986396  -0.942009734986806  -2.291022325447412
   -0.902098136951581  -2.478169834494186  -0.173385748163841
   -0.763512782620302   1.524513184329837   2.045322884721672
    2.775982738648154   0.226402247476517  -0.112845281371658
   -0.417829690640496   1.540977132321569  -2.284924512475412
   -1.242933136292132  -0.945806933717455   2.304895774472834
   -2.117841338156384  -0.585694255161734   1.709879637343285
    0.657275130418611   1.224912960701432  -2.344252252193428
    2.423521759146124   0.497924914291776  -1.143045949630277
   -2.679363060002615  -0.137947260085037   0.027131306291092
    0.512098347877706  -1.451554463275156   2.197611631733987
   -1.461933302257300   2.054843200706483  -0.060464618631398
    1.416644788136291   0.870018936452658   1.897226956464271
   -1.293497510948783   1.713024159203079  -1.597763542349072
    2.487532771478751   0.156750095473892   0.973676556424793
    1.343413780580749  -0.693327745357929   2.142513413581526
   -2.438459074912472   0.863293121890664  -0.429499710533429
    2.189908935127483  -0.828837796721833   1.419326998905264
   -2.094972841149633   0.934821808322265  -1.494777357579889
   -0.534219099016733  -1.694753798016915   1.878239129051315
   -2.299867666035859  -0.968011914122697   0.677439562151096
    1.552102243547536   0.866983338056992  -1.757490638692640
   -0.059444795773577   2.071973440190219   1.341396636196455
    2.495959014223110  -0.757771350567433   0.333434556434532
   -1.223085675147731   0.772989410280437  -2.195849773243001
    1.037879726574156   1.744751738429289   1.270507334531520
   -0.412909084351574   2.341897180211530   0.283840673699671
   -2.355476437404755  -0.066993518092562  -1.040458783909942
    1.364651292453307  -1.598200058977704   1.489562110547402
   -1.119913923482900   1.810928131536504   1.004020997999162
    0.329245426215901   1.214453376856958   1.989579478883923
    1.797715945010351  -0.221742690783218  -1.718826830112138
    0.915293744922790   0.141462753414765  -2.318953160731364
    1.352082526220421   1.818857318072399   0.178172967018111
    0.464041560459380   2.184375449192899  -0.425774628779961
   -1.603083519822650  -1.725631232749386   0.252394147802637
   -0.719272373871403  -2.089408367799364   0.853465086325562
   -0.960934581381887  -0.313698325358476  -2.174122194918877
    1.870564827635380  -1.479144979461687  -0.248448350453694
    1.175002945482146  -1.994206959958269   0.462071059942735
   -1.656073529969470  -0.828934385534334  -1.463315151721703
    0.103768741578932  -0.628531829007952  -2.236793481488492
    1.523857327579356  -1.213041041976063  -1.271005730244117
    0.137526468921947  -2.239953327217732   0.145534526929912
   -1.282220621114138  -1.655584674169132  -0.820020976395066
    0.479550248163448  -1.459921786138128  -1.588694375194660
   -0.210857629939526  -1.971410374417914  -0.883083277597725
    0.273462738794071   1.743749226175575  -1.446906302198011
    2.023887498450982   1.023273469442290  -0.256460291282029
   -1.426001620569650  -1.345833678845616   1.282265631338525
   -1.386833150477000   0.801056953729643   1.454300868613309
   -0.495262719701189   0.434086092942614   2.060648817539568
    2.158260276027606  -0.495737037896665  -0.698360319419238
   -0.154767786895899   0.456306535976669  -2.271427093899570
   -1.989921254391211  -0.904468611239653  -0.397974816713790
    0.324261175998694  -1.856987323372609   1.175877031296796
   -0.592544557758746   1.918258840321147  -0.760953077223003
    1.735507555149156   0.960031359529227   0.822331400288012
    0.594713259510161   0.110865579414836   1.989532960230996
   -1.736432912283534   1.070366576480347   0.404144244855536
   -0.591289912307609  -1.151247839102498  -1.537089989899345
    0.833758749075417  -1.737798621721073  -0.567928942019119
   -0.220425150647123  -0.644687654406176   2.037977684772445
   -1.974091306875809   0.077122262870165   0.845327233135787
    1.163430064715506   1.395682998880393  -0.866012416494913
    0.023319102438861   0.576222774444736   0.314450383939788
   -1.397482261404263   1.128686419993655  -0.671487563340399
    1.444198336144384  -0.040950816693082   1.261110403516619
    0.328300891268706   1.562351091564038   0.462826597124394
   -1.096161675998110  -0.297896694325128   1.431498090937945
   -0.361736797392557   1.044919511026505   1.164296582429387
   -1.320425315399202   0.199770034767382  -1.271659213648433
    1.458472460617564  -0.944025759376062   0.618240797164290
    0.702946454221104   0.730023368862047   1.093865128667443
   -0.702003458351165   1.308301495841506   0.138373034687788
    0.775656490219036  -0.421466121080796  -1.395598315881383
    1.743671601136655   0.029909010431021   0.180865885868416
   -0.528923409855591   0.965310318747669  -1.364702782729228
   -0.584991111781550  -1.429613061610736  -0.005055774133303
   -1.651065934877801   0.132486092425830  -0.222064401169559
    0.624292581697193  -0.804052676250072   1.325383699365377
    0.526912832394610   0.653344790006959  -1.426063974720487
    1.399318725709370   0.294262062973478  -0.832749632092181
    0.149138379111882   1.156226613721824  -0.547493434458153
    1.005923599215003   0.803573364042768   0.035197447772881
   -0.095327410394223  -0.020623965411686   1.164715819773186
   -0.959665570836249   0.335138078505005   0.576888259917174
   -0.404991712462741  -1.048195941301187   1.013125509420721
   -1.281817907919779  -0.687293815568403   0.416804964427369
    0.733486563468279  -0.171909881929860   0.466878528601133
   -0.641277291129101   0.393943647624163  -0.468084335485470
   -0.274700022787337  -0.114883736250155  -1.346913356860977
    1.126623381879961  -0.691669190658161  -0.393887613888534
    0.440190105214445  -1.200052512823008   0.307600919337819
   -0.961001870757464  -0.623321154535526  -0.645335440320498
    0.395386310953021   0.084971575062670  -0.529947618525768
    0.095954914425188  -0.936307511095883  -0.707758867582014
   -0.279104893850159  -0.414454187535886   0.159560299759780
