    1.856774339753821   1.171086657832343   2.222951671325250
   -2.767105564486914   0.342349017252756  -0.677886942762335
   -0.555499565659161  -1.564244481733652   1.595536089859191
   -1.222107299666324   2.064270564444621   1.621468972420989
   -1.508307499007356  -0.006496601198651  -2.480297214965709
    3.023668536383366   0.805769116016091   0.362884561776327
    1.245832767740623   1.864301195176013  -2.255250085531441
    1.375036071509440  -1.393504689094903  -1.530478361958628
   -1.124005672186274  -0.150912205655834   2.097950218828432
    0.428683417725252  -1.926653424088278   1.194461674080174
   -0.507850617015982  -2.094508347301595   0.606917415222370
   -1.627678837139503   2.045555510891596  -1.613113413287025
    1.792629813103137   2.658577167932553   0.532652395989728
    1.191412119735934   3.014521154729459  -0.347292479483269
   -0.700579117930229   2.675419710320691  -1.534252641381891
   -1.484698654847906  -1.503316302573955  -0.824377818869165
    1.933172538196287  -0.890731510799720   1.319858826565129
    1.375714159013975  -1.628845399601273   0.684752950547489
   -0.515626344714263  -1.967830213016259  -0.501798966722439
   -2.316497269130979   0.578955412797580   0.305529989587960
    0.750296815568664   1.128616681371283   2.229514800307850
   -2.211780420438656   1.197994965790019  -1.152908399955619
    1.836001190178459   1.923478553390918   1.386509024511389
    1.908376153506536   0.137347472590081   1.782384562668977
   -2.140251939965446  -0.588287830067969  -0.757563911523027
    0.247031542877100   2.863165702272105  -0.948545093843984
   -1.184312370140347   0.962196356613964   1.876075057722340
   -2.138040583920274   0.167776629089652  -1.580668175196603
    2.441780683749685   0.988617643616012   1.292529800099446
   -0.238063687966089   1.606190151217487   1.945944521217474
   -1.788883129193496   1.328236901716126   0.973021994733971
   -1.569399762386744   1.020011564402388  -2.048317682991871
    2.410013556126255   1.733241508253401   0.448208190262280
    1.218457579228477   2.441314197959871  -1.302928603916454
    0.273673324460359   2.271980588443938  -1.895648723160847
   -1.498644100531522  -0.756363732661194  -1.654969206927753
    2.481965446935106  -0.042919388786574   0.842307132863558
   -1.740099591663344   0.213880440619839   1.215292401837639
   -0.190750786542433   0.491570108124632   2.187292309634380
   -0.265462548918970   2.359225028971377   1.094563512144204
   -1.217903894161496   2.188519039717024   0.497039638438249
    0.430612863784674  -1.684113661866521  -1.017222952432667
    1.376830077596913  -1.514523223211020  -0.423603851594098
   -0.590920758342531   0.619173269431839  -2.413978402916871
    2.438455757556144   1.162128190019319  -0.513467888820381
    1.846152957286717   1.515018549624329  -1.385767911353853
    0.326627656004667   1.242674146425074  -2.339057737285403
    2.481425284235376   0.068725273237541  -0.270159029514717
   -0.547448071311848  -0.474139465958742  -2.170353880789767
    1.932084671516944  -0.664306392358240  -0.900613426330092
    0.412982840962746  -0.936574896931423  -1.853637583545169
    1.292922711288119   0.776800371391898  -2.019623525732252
    1.335798588283465  -0.308515504887852  -1.777904041866129
   -1.186437196618479   2.273933656879649  -0.626304962450042
    0.689009346130151   2.610069796887347   0.550275714931462
    0.435876143345588  -1.815069026661496   0.086960447076330
   -0.139718611323418  -0.545669136308674   1.728779043041356
   -1.096342612578928  -0.717124782679420   1.128631137067439
    1.825653989025586   2.095204142717493  -0.431934648462363
   -0.650429782681246   1.651415838233258  -1.985331268927194
   -0.535875750066188  -1.230874204887993  -1.345792231186173
    1.941354399354377  -0.786880435214054   0.208323581127754
    0.374077241456081   0.150515124316990  -2.108505566612243
    1.898735047215412   0.423779425900039  -1.151995811209554
    0.832340411276527  -0.913820005788898   1.332799896789875
   -1.046850470026460  -1.250627243308498   0.153870170106132
   -1.769697570045902   1.436195862082365  -0.165475084575678
    0.729022246131128   1.884041223080781   1.402122491197082
   -0.250078050260303   2.465816139044439  -0.042643750464871
    0.802753031216285   0.097674623766821   1.798873006880909
   -1.699426062000222  -0.350790743190049   0.229105218079099
   -0.194716726252800   0.683199695032930   0.378385267277355
   -0.097646613914236  -1.084450445215428   0.728655585633041
   -0.699405726079767   1.361947979137592   0.988938734151970
    1.340404273292357   0.944592891538307   1.290847651262236
   -1.681839756762386   0.402916325841564  -0.605188224483129
   -0.652574669488212   0.276508232493761   1.224389127648505
    1.916405627920332   0.762850316792408   0.366058315831271
   -1.054287103242972   0.230413286441926  -1.497636322354376
    0.751569433350387   1.457307112838730  -1.351130289938808
   -1.237825993712976   0.633899446077093   0.350205146133394
    0.262659684516169   0.902831379096939   1.291550268722003
    0.836119654853269  -0.681466714974909  -0.874877561165784
    1.311701620415398   1.683283672834891   0.454809846964439
   -1.120231953090925   1.247408404987756  -1.070888692578740
   -0.210642178943969   1.865825156117617  -0.995535093108938
    0.723501954940671   2.033251737583716  -0.409490163133420
   -1.050224910518210  -0.512330383586961  -0.683235333364622
    1.384784312911062  -0.075903867240042   0.844392746790485
   -0.684506819799525   1.468671022645780  -0.109207714510559
    0.234206272629379   1.633331899735348   0.467156392900919
    0.309489690984724  -0.100446643866334   0.852105469430495
   -0.617696666658749  -0.266626183630398   0.270425571939936
   -0.098933557516037  -0.972501153429572  -0.368187571407761
    0.840024288999795  -0.804211810617803   0.220877290695509
   -0.619218205507276   0.460518928286354  -0.546590386588194
    0.846310840378255   0.723185586772472   0.372824333174032
   -0.152378723490248   0.846235882998079  -1.438726258833159
    1.346423860091682   1.114866155093400  -0.498437042981947
   -0.109700207249060  -0.233225439491357  -1.198171915845442
    1.388932653396864   0.035374413175162  -0.257989177423718
    0.272013129385392   1.066996484048967  -0.475219491553611
    0.800979668427930   0.385943723820027  -1.123812516734367
    0.313724027543539   0.005963311501718  -0.238580355243676
