          1.3524100430       -1.9290843215        1.6489018469
         -1.5385054862        1.6588196462        1.4129235894
         -1.4742054026       -0.3722359050       -2.7164647825
          2.8454579966        0.7643845190        0.3420514364
          1.1091582742        1.7130567202       -2.3501984641
          1.4700029835       -1.5311891896       -1.6561297828
         -1.2730520642       -0.5483913920        1.8714023707
         -1.7938179479        1.6555177380       -1.8403194983
          1.4635231728        2.5119023127        0.4665804639
          0.3375308202       -1.6439345956        2.0138280248
          0.8765768463        2.8299822767       -0.4366579287
         -0.9260445953        2.3561362210       -1.7120511210
          1.2103529528       -0.9305773351        2.1294124191
         -0.4372045003       -2.4126309590        0.4009351295
         -1.3943669594       -1.8868123689       -1.0752394946
         -2.4505536462        0.1046654065        0.0254984908
         -0.5620210702       -1.8967642381        1.3929107757
          0.4855365315        0.8753307014        2.0987497157
         -2.3290257473        0.7602009217       -1.4138402958
          1.5265385720        1.7722134627        1.3153125562
         -2.1277061015       -1.0323007381       -1.0285917572
         -2.1583418272       -0.2619835512       -1.8441461618
          2.2084499820        0.8833951065        1.2493336751
         -0.4065727105       -2.2740919949       -0.7104914409
         -0.0244080283        2.6110643824       -1.0816454001
          1.7201132414       -0.0246954159        1.7004435774
         -1.4205430524        0.5599942160        1.6579096080
          0.4580467636       -2.1750178866        1.0269706045
         -1.6355728534        0.6416210528       -2.2805296049
          2.1571784486        1.6388778270        0.4051032513
         -2.0141007592        0.8870895547        0.7314700432
         -1.4368047214       -1.1310630252       -1.8993684702
         -0.5342521774        1.2777733822        1.7768980504
          1.8579125984       -1.0319244896        1.2203974121
          0.0922503302        2.0363576746       -2.0320772551
          0.9929239991        2.2731105208       -1.3947267518
         -1.8824272597       -0.2227573966        0.9650424298
          2.3542895164       -0.1332743830        0.7854660738
         -1.4941930013        1.8013219139        0.2907605042
         -0.5878010565        2.0397376740        0.9313531126
          1.3953659670       -1.8006234267        0.5470537023
          0.5319821563       -1.9052995346       -1.1844051872
         -0.6131995108        0.3248404935       -2.6036045357
          2.2747866346        1.0851109719       -0.5596874223
         -0.4921397086       -0.7640154260       -2.3693899826
         -0.4056070795        0.1689175875        2.0088038239
          0.2473184400        1.0199125439       -2.4814559297
          1.6959513407        1.4014406894       -1.4564282322
          1.4337163744       -1.6685665382       -0.5534730088
          0.4883431295       -1.1507750764       -2.0159787762
          2.3948667300       -0.0035113985       -0.3257174048
          1.2340020981        0.6306895012       -2.1243579965
          1.3543015259       -0.4500532393       -1.8932469979
          1.9362332600       -0.7681358553       -0.9912648239
         -1.4189565568        1.9053596894       -0.8310562036
          0.3672303408        2.3753119771        0.4324444560
         -0.7737356317        1.3442580394       -2.1695434689
          1.5859942712        1.9650605671       -0.4991018408
          0.4996435137       -2.0508603983       -0.0800115861
         -1.9505215602        1.0185568578       -0.4018049985
         -0.4523831404       -1.5291804574       -1.5514144441
          0.4244714616        1.6435766476        1.2772040220
         -1.1558527084       -1.0976700544        0.9018968735
         -1.7490004723       -0.7710682424       -0.0186580570
          1.9057543155       -0.9064726086        0.1153902295
          0.3727545191       -0.0672851644       -2.2605458633
          1.8266535642        0.3159356587       -1.2321277657
         -1.0229543009       -1.6118529900       -0.0754191141
         -0.5291988911        2.1642462221       -0.2035181597
         -0.2458576552       -0.8465500377        1.5356744259
          0.6190490078       -0.1428596673        1.6505955611
         -0.3488192627        0.3861976400        0.2010199152
         -1.7744032963       -0.0049114538       -0.8501376969
          1.1228083849        0.7555470268        1.1987736333
          0.7655670271       -1.1314940617        1.1515589021
         -0.9331633969        1.0117821420        0.7965550139
         -0.8066207789       -0.0682801614        1.0222823756
         -1.0860675747       -0.1119989735       -1.7131213070
          1.7479281315        0.6339149323        0.2918934308
         -1.3820027720        0.2498603029        0.1257145843
          0.6091509157        1.2556624402       -1.4738309869
         -1.2509944465        0.8921807880       -1.2811566013
          1.0667989383        1.5018711842        0.3593195775
         -0.1192237171       -1.3759989361        0.5421726567
          0.0493285395        0.6290197056        1.1367251012
          0.8459476011       -0.8736073168       -1.0192469479
         -1.0538060563       -0.8635019841       -0.9060013596
         -0.3979448402        1.5809513707       -1.1590604630
          0.4925427946        1.8150475213       -0.5292035842
         -0.8773958180        1.1361660915       -0.2991397399
         -0.0029651918        1.3662132325        0.3189331249
          1.2667931407       -0.2514365587        0.7329578799
         -0.6840371160       -0.5959223230        0.0674540731
          0.1965255709       -0.3605433558        0.6814744402
         -0.0819913524       -1.2479745120       -0.5537505723
         -0.7162496696        0.1402931597       -0.7422099695
          0.8126234910       -1.0116791042        0.0677491930
         -0.2387484977        0.5740403330       -1.6076928839
          1.1906236504        0.9506958854       -0.5967028082
          0.6861734456        0.5100536060        0.2488428317
         -0.1196227518       -0.5005586021       -1.3773454431
          1.3095952774       -0.1231309026       -0.3665910239
          0.1237352013        0.8163741674       -0.6251374416
          0.7356882819        0.1899228957       -1.2567256219
          0.2405454462       -0.2383971770       -0.4004131146
