          0.3364053746       -2.5778422386       -0.8420418441
         0.8852427925        0.0270794761        2.9126646518
        -2.7215098321        0.8550777345       -1.0631228394
         2.4995547983        1.3233510913        0.2895892847
         0.2815751392        1.8325304836       -2.1553287718
        -0.5914529785        2.3510376543        1.0261816582
         2.1011715647       -1.2940528207        1.5856462060
        -1.5553416490       -0.4546308730       -2.4449932285
         2.6403593510       -0.8614033981        0.7006364013
        -0.5437175139       -0.1304382682       -2.8092279134
         2.3838982115       -0.1082637040       -1.4161047561
         1.6362549489        0.0633721120       -2.2402452017
        -2.4987337379        0.1095924654        1.0330369625
        -1.2771501211       -0.1708453155        2.3796102224
        -1.7593950170       -1.8444365330       -0.3568929483
        -0.2342390231       -2.1945648564        1.3243137339
         1.1045897763       -1.6438238725        1.9797842377
        -2.1270017290       -0.9019509133       -1.5824566550
        -0.6039897923       -1.0751661544        2.3837130410
        -2.6063160824       -0.6154943262        0.1765131908
         0.4855539799       -0.9752396200        2.6353543680
        -2.7020520104       -0.2434644546       -0.8784004317
        -1.7773122175        0.6027088316        1.7378611487
         2.5321287011       -0.4865505278       -0.3603718801
         0.5508470905       -0.0317097391       -2.5443736212
         1.4944806125       -0.6337025551        2.2516084029
        -2.1407037010        0.2008227922       -1.7555197885
        -0.7164343336       -2.2343255778       -0.6016097357
         0.0478883146       -2.4097902679        0.2409167072
        -0.1953976593       -0.0716194472        2.6510143954
        -2.6147438433        0.4837872276       -0.0158739085
         2.5720919980        0.2315500529        0.4945660806
        -0.1301709380        0.8519057658       -2.4841860503
         2.4443106892        0.6077218254       -0.5629763901
         0.9589827467        0.9487071278       -2.2002795599
        -1.0068781978       -2.0478332021        0.4869371273
        -0.1547721426       -1.7914148189       -1.4921655981
         1.0696355170       -2.0725007978       -0.1424793781
         0.9409678678       -1.6919988975       -1.2060027758
        -1.1861015944        1.4785727742        1.3839347238
         1.4301947579        0.4631712826        2.0446158586
        -1.7249965907        1.1875052324       -1.4334075053
         0.3922118926        0.8075096026        2.2909834923
        -2.0173629948        1.3606731706       -0.3651337547
         1.9683595562        0.8947830566        1.1704657178
        -0.7242605446        1.5129251092       -1.7976569926
         1.7663552359        1.4995987169       -0.5297968382
         1.0272360295        1.6692775863       -1.3445409539
        -0.1005455605        1.5816539073        1.6627447431
        -1.3080815115        1.8588667515        0.3316562997
         1.4724422750        1.6732656718        0.5375382492
        -0.0099157304        2.0135691625       -1.0964911545
        -0.3008978445        2.1864186486       -0.0364757226
         0.4425867821        2.0157375893        0.7830805819
        -0.6422489601       -0.9749032726       -2.1020646579
         1.7702893766       -1.5287470481        0.5573188639
         1.5172604555       -0.7822378955       -1.5393368242
         2.0450511430       -0.1981960135        1.3814987952
        -1.1416420900        0.5333698319       -2.1312495778
         1.7121399260        0.7863387238       -1.3894552240
        -1.2059445122       -1.4237920632       -1.2440243418
         0.7787014568       -1.8794050278        0.9436861411
        -0.6948500588        0.7119187078        2.0292764454
        -1.9106708864        0.9910334599        0.6890554442
        -1.6847447255       -1.1364741393        0.5108541692
        -0.9256658459       -1.3107349530        1.3476003925
         0.9393607287        1.2487234264        1.4235149523
        -1.0201173649        1.6985588357       -0.7364525121
         0.7375975186        1.8562513924       -0.2825499336
        -1.5814719963       -0.4122601694        1.3488212522
         0.4441237148       -0.8829551065       -1.8445771224
         1.6668800277       -1.1636619487       -0.4967113118
        -0.0366369865       -0.6255075296       -0.0970304078
        -1.7872390197       -0.7483012683       -0.5471281547
         0.1693314084       -1.1974690320        1.6096343299
         0.1469261682       -1.5851344163       -0.4634086951
        -1.7974151247        0.3465807084       -0.7296307698
         0.5672173902       -0.1962653916        1.8769457678
        -0.1386654151       -1.4027886329        0.5928645588
        -0.8767325889       -1.2333518004       -0.2207196461
        -1.2253981435       -0.3054010621       -1.4162579049
         1.1702684227       -0.8553716965        1.2245278061
         0.1722717887        0.9892860514       -1.4463210059
         1.6266667623        0.6554021838        0.1568841181
        -0.4011841873        1.3307714334        0.6410928031
        -1.6960098011       -0.0231465071        0.3055090951
        -0.5019679749       -0.2972614248        1.6217227535
        -0.2331793139        0.0164361600       -1.7765422414
         1.7028473514       -0.4280154205        0.3575740852
         0.8433048799        0.1128720733       -1.4957879104
         1.5765602438       -0.0554606364       -0.6875077147
         0.8499839930       -1.0762778136        0.2187862473
        -0.3302192456       -0.8053400665       -1.0821731778
         0.7269224896       -0.7097169914       -0.8072549929
        -0.7976579920       -0.5250673022        0.6142683266
        -0.9921141359        0.4692927601        0.9977604664
         0.2599585994       -0.4174516285        0.8781046003
        -0.9074637123       -0.1494475460       -0.4087649812
        -0.8195728427        0.6776518079       -1.0967247800
         1.1065880517        0.2354651015        1.0265164754
         0.9081650521        0.8329872207       -0.6503906888
        -1.1090218030        0.8490953915       -0.0432319826
         0.0829697750        0.5754511843        1.2707215351
         0.7848515721        0.0059732397        0.0277748074
         0.0668918575        0.1707950475       -0.7636455014
        -0.1147230903        1.1734964983       -0.4055706005
         0.6183104705        1.0052147343        0.4024653587
        -0.2184823739        0.3409956694        0.2692186785
