         -0.5895268753       -1.3541856772       -2.6370379032
        -0.8563286089       -2.6138464720        0.3581233269
         2.9224018461       -0.0778230040        1.0449258741
        -0.9219163781        0.8472689171       -2.6781485804
         0.2710642149        1.2514318040        2.5865530646
        -2.0934836542        1.8179460832        0.2958547757
         1.1237262458        2.2889847166       -0.4714941058
         1.5351836301       -1.3845068662        2.2086120952
         0.6411098154       -0.9406303265        2.7233372701
        -2.3588789775       -0.4520099856       -1.5708388389
        -2.2514646766        0.0409525104        1.6328663462
        -2.7509236863       -0.1290518585       -0.5676964252
        -1.4541369394       -0.1506216598        2.4046539245
         2.4531682024       -0.2517445617       -1.1350862634
         1.1500330076        0.0588835107       -2.3966722944
         1.3335326374       -2.2632594177       -0.1402611670
         1.9550094053       -1.7336846342        1.2222874113
         2.4213465769       -1.1604408985       -0.4688186891
         2.6410292685       -1.0722618075        0.6290256605
         1.8407204497        0.5358027733       -1.6493116236
        -0.2889917698       -1.8782946169       -1.7081416551
        -1.4828095310       -0.9070405820       -2.1179273118
         0.2820015233       -0.6489390747       -2.5353700439
        -2.5213588456       -0.0416212180        0.5367041284
        -0.4098053827       -0.5472965269        2.5840073564
        -0.7560928688       -0.2522408775       -2.6591847450
         2.2312607393       -0.7312983812        1.6282727191
         0.2381693142       -2.4621137546        0.1057790253
         2.6927774694       -0.1645095751       -0.0444121671
        -0.5762552393       -2.2673511542       -0.6829829249
        -1.6419061166        0.1980543380       -2.1262012115
         0.4554561418        0.1559786427        2.6570211365
        -2.4245384092        0.8454876391       -0.1348416036
        -2.1750169473        0.9301863084        0.9642255053
        -0.5914341957        0.5507022282        2.4983080965
         0.1138676919        0.4544708974       -2.5415874080
         0.5245574394       -2.0968884792       -0.9374803953
        -0.1723950018       -2.1257974286        1.1173715843
        -1.4755538946       -1.8131110899       -0.1506965240
        -1.2252224849       -1.7264977291        0.9563944528
         1.4846534433        1.4142409362       -1.0619120152
         2.3302688880        0.7167895512        0.5388532713
         2.0450206548        0.3693216546        1.5659912302
        -1.3186764853        1.1772244850       -1.6915810630
        -0.2379865560        1.3344960714       -1.9485577975
        -1.7093795320        1.5005902666       -0.7005043536
        -0.5215658263        1.4471453023        1.8292401516
        -1.3095942006        1.6359535258        1.0658650843
         1.1613924826        0.8119490528        2.0799471897
         1.7312852153        1.5052350880        0.0328538772
         0.4442245075        1.8147994960       -1.2136936489
         0.5577096716        1.6048590249        1.5707520516
        -1.0226021559        1.9834894850        0.0398920991
         0.8419673901        1.9506530555        0.5518407523
         0.0493701686        2.1405244528       -0.2158926668
         0.5137571737       -1.5990616612        1.8441043163
        -2.0547074411       -0.9840093762       -0.6514214106
        -1.5615525525       -0.8155923148        1.5287689767
         1.3515523391       -0.2849204070        2.1547490328
        -2.0447699669        0.5289808902       -1.1373220675
        -1.3912411068        0.7487870194        1.7417510946
         2.1008822193        0.6331893010       -0.5569737017
         0.9258336707       -1.9491985376        0.8626576557
         0.8049627709        0.9442809624       -1.8122394844
         1.3918339522       -1.3754275316       -0.8251809568
         1.4532966728        1.1690964099        1.0622489685
        -0.6356705847        1.6706867008       -0.9608331817
        -0.2354896677        1.8072345145        0.8117237443
         1.4283318297       -0.4735727353       -1.4737696874
        -1.1856977797       -1.4413724415       -1.1936947188
        -0.5305437054       -1.2154336814        1.7094088313
        -1.8325381103       -0.9035332784        0.4444228172
         0.5794734885       -1.1813076955       -1.6114481733
        -0.0668662885       -0.6714743514        0.0248381817
         1.6222386060       -1.2743473746        0.2793468043
        -0.4549596700       -1.6263046761        0.1889091724
        -0.4612434282       -0.7662919517       -1.7299151424
         1.8936725077       -0.2809262688        0.6930409253
        -0.6265192227        0.3267060931       -1.7467561414
         0.6126993244       -1.4598824890       -0.0614285418
         0.1551760589        0.5924355564        1.7048015297
        -1.3953249783        0.9641390123        0.2029259211
         1.2113037266       -0.9329445525        1.2703431101
        -0.1733157822       -1.2717272555       -0.8222922054
         0.7155392937        1.2744748974       -0.3012116084
         1.6698434459       -0.3701394507       -0.3848094999
        -1.3409081198       -0.3197883239       -1.2045837388
         0.3351785986       -0.4947550094        1.7788344522
        -1.7274890335       -0.0005775890       -0.2216951966
        -1.4811476093        0.0836403966        0.8647581111
        -0.6993091970       -0.1038081994        1.6217886114
         0.3972670248       -0.0636336312       -1.6170796186
         0.2126176386       -1.1342818456        0.9171487249
        -1.0439746784       -0.8331097029       -0.3043007674
        -0.8030265212       -0.7495670093        0.7634644635
         0.6684334516       -0.5785212726       -0.7142025365
         1.0751723568        0.4105895768       -0.8878349630
        -0.3423727671       -0.1799963966       -0.8488727894
         0.9015809448       -0.4825502213        0.3529465519
         1.0339542438        0.1615475463        1.2089338368
        -1.0197973432        0.6552958627       -0.7792986631
        -0.6257639857        0.7891813734        0.9626327416
         1.3166634837        0.5047478738        0.1962840658
         0.0463327827        0.8111136860       -1.0339211878
         0.0421973829       -0.0484017589        0.8544963165
        -0.7233094332        0.1352867566        0.1137406482
         0.4388184956        0.9456729832        0.7077558382
        -0.3426018192        1.1328468635       -0.0493037191
         0.3216656357        0.2901496145       -0.1374330629
