          0.0091121485       -2.2345851504        2.1772312830
        -2.8219800404       -1.1327525949       -0.6613083020
         0.1078836333       -2.5033726109       -1.0706309380
         0.9385958535       -0.3503530175        2.9137395223
        -2.7591858988        1.0887930924       -0.7937401659
         2.5265120755        1.1340463916        0.3759471624
         0.2514834854        2.0194947980       -1.9050352313
        -0.4739947471        2.2352493303        1.3491863150
         2.0252284285       -1.5854619270        1.4056758378
        -1.7238532369       -0.1263281192       -2.3532308081
        -0.7088658038        0.1831500899       -2.7254353032
         2.5567274612       -1.0878240685        0.5487175796
         2.2675572228       -0.0967767064       -1.4655483564
         1.5005910216        0.2017288986       -2.2345191418
        -2.5019996019        0.1032046499        1.1961940910
        -1.2486046520       -0.3846070804        2.4528627000
        -1.7285977219        0.4796932595        1.9190296370
        -0.3642813423       -2.3290854129        1.1384260438
        -1.9173738295       -1.7246304943       -0.4187927406
         1.0233345471       -1.9203015404        1.8032185351
        -2.2871343910       -0.6318896492       -1.5159280189
        -2.6803086895       -0.5154884555        0.2694196394
        -0.6231832999       -1.3161200560        2.3319477468
         2.4325161716       -0.5944228565       -0.4621118915
         0.4000209161        0.1966360653       -2.4999401604
         0.4742335653       -1.2918697865        2.5472753527
        -2.7920177063       -0.0206731158       -0.7275456793
        -0.9138453444       -2.1343340976       -0.7503133636
        -0.1309846785       -2.4390243915        0.0346155421
         1.4835212571       -0.9683983748        2.1614816985
        -2.2432370984        0.4820374558       -1.5750434403
        -0.2275391415        1.1024888221       -2.3174397843
         2.5441757982        0.0237305640        0.4615446102
         0.8760610426        1.1117137811       -2.0722819897
         2.3997650875        0.5186730275       -0.5445856653
        -2.6348349450        0.5977140796        0.2012934236
        -0.1547578167       -0.3675159358        2.6878611941
         0.8919088662       -2.1161914746       -0.3502423829
        -0.3651677224       -1.6269112931       -1.6106269867
         0.7465945049       -1.6165300487       -1.3633966023
        -1.1542395780       -2.0514639095        0.3636396920
        -1.1030660453        1.3594776266        1.6366571660
         1.4754614529        0.1470810958        2.0744351778
        -1.7602905219        1.4064108149       -1.1698010901
         0.4671244349        0.5161857593        2.4002087615
        -2.0032408979        1.4776391402       -0.0766331053
         1.0166303327        1.7316014359       -1.1485491784
         1.7748543018        1.4364959179       -0.3883436351
         2.0048961040        0.6415956769        1.2286353539
        -0.7569518188        1.7165091730       -1.5404481555
        -0.0041640377        1.3777358490        1.8792664245
        -1.2421863093        1.8595657673        0.6379951981
         1.5303716540        1.5086080838        0.7032435132
         0.0099641587        2.1003402265       -0.8211290288
         0.5305813828        1.8756126479        1.0276893761
        -0.2318855511        2.1723527433        0.2632310456
         1.6457178119       -1.6893072603        0.3730778966
        -0.8288290712       -0.7261976015       -2.1079707553
         1.3601606640       -0.7074190815       -1.6224587733
        -1.2419882835        0.8009056961       -1.9570330772
         2.0265181231       -0.4712010747        1.3200434630
         1.6487913644        0.8238982324       -1.3159053991
        -1.8789896139        0.9884551584        0.9258261348
        -0.6324510296        0.5033108715        2.1756249972
         1.0068174163        1.0195028721        1.5616292174
        -1.0027033848        1.8015909209       -0.4531446558
         0.7772333411        1.8176520176       -0.0608812546
        -1.6038735010       -0.4955652351        1.4160643262
         0.6503485728       -2.0269625415        0.7652424549
        -1.3876408862       -1.2337586678       -1.2781137531
         1.5257794890       -1.2067649095       -0.6321155831
         0.2711927853       -0.7184582521       -1.8899905435
        -0.9968597612       -1.4203847563        1.2947953451
        -1.7807884826       -1.1152815835        0.5087990929
        -0.1270860316       -0.6257499747       -0.1073905230
        -0.0114829914       -1.5487897864       -0.5810072260
         0.1091875822       -1.3791664677        1.5111935522
        -1.8867352916       -0.6023596222       -0.4899604818
         0.5713213149       -0.4426333420        1.8735373612
        -1.8520461204        0.5005302771       -0.5561706085
         1.6133289409        0.5313916362        0.2102690560
         0.1216626808        1.1119504537       -1.2853072880
        -1.0027024491       -1.1734358115       -0.2585821601
        -0.2478176833       -1.4672409426        0.4982920120
        -0.3548710540        1.2550521503        0.8498888989
         1.1108603432       -1.0597637661        1.1314957227
        -1.3456433337       -0.1036881260       -1.3314421582
         1.6345974492       -0.5704716522        0.2924226796
        -0.3508555823        0.2022820758       -1.6982347608
         1.4921013000       -0.0807939476       -0.7019651819
         0.7400689582        0.2119074545       -1.4559721704
        -1.7342989286        0.0132036444        0.4272956656
        -0.5103975234       -0.4631362221        1.6543885159
        -0.4691632872       -0.6834624425       -1.0914417054
         0.7421526927       -1.1549258510        0.1230513005
         0.6030066375       -0.6731627120       -0.8539879361
        -0.8554243005       -0.5662399423        0.6421407740
        -0.9793854481        0.3898440727        1.1369109433
         0.2163821272       -0.5361089267        0.8693039012
        -0.9778727649       -0.0713039832       -0.3280742957
         1.1031215927        0.0485476076        1.0519511762
        -0.8722413886        0.8173544448       -0.9285936290
         0.8767557980        0.8328650971       -0.5424091538
        -1.1130843103        0.8885857188        0.1497384684
         0.1087479236        0.4130557798        1.3747609395
         0.7325289465       -0.0550300312        0.0482790303
        -0.0033792213        0.2313862358       -0.6895567945
        -0.1160289211        1.1974303913       -0.2193096410
         0.6357890917        0.9048330699        0.5344690906
        -0.2410359189        0.3040264019        0.3671788471
