       -0.0075785528        0.0001753806        0.0412337805
       -0.0070315267        0.0003010049        1.0849906855
        0.2872630517       -0.8887444957        0.4999811704
       -0.7655340208       -0.5538278242        0.4983976385
       -0.7655134337        0.5543167869        0.4982642539
        0.2872960823        0.8891947120        0.4997671642
        0.9307810342        0.0002131770        0.5000724351
       -0.2906188940       -0.8781696062       -0.4403222018
       -0.9347128282        0.0001351619       -0.4359960472
       -0.2905862601        0.8784149305       -0.4405336376
        0.7413341935        0.5413205784       -0.4416062095
        0.7413140840       -0.5411138643       -0.4414759195
       -0.0058705047        0.0000488615       -1.0096084145
       -0.0060872317        0.0004308473        2.1638524681
        0.2991361781       -0.9219595259        1.5815658740
       -0.7893156260       -0.5746923156        1.5801134352
       -0.7892942588        0.5754425682        1.5799749963
        0.2991704476        0.9226696754        1.5813438405
        0.9656078081        0.0003426432        1.5810380148
        1.2679088700       -0.9211755193        0.9724576079
        0.5932487180       -1.8167866621        0.9580484586
       -0.4800270577       -1.4929919441        0.9725970754
       -1.5532535646       -1.1438271877        0.9506036237
       -1.5699867831        0.0003171465        0.9778605583
       -1.5532110529        1.1444542633        0.9503281888
       -0.4799715731        1.4935844271        0.9722375885
        0.5933162328        1.8173357545        0.9576110282
        1.2679431070        0.9217030394        0.9722357851
        1.9067506877        0.0002503830        0.9598103489
        1.0572224716       -1.4587741686        0.0024181428
        0.0075048547       -1.8026911165        0.0004781510
       -1.0693896006       -1.4675516859        0.0049004369
       -1.7386518025       -0.5612118748        0.0118101291
       -1.7386309426        0.5616198558        0.0116749765
       -1.0693350651        1.4679331095        0.0045470998
        0.0075718419        1.8030314524        0.0000441390
        1.0572766795        1.4590759785        0.0020669284
        1.7123831898        0.5527806146        0.0028257675
        1.7123626558       -0.5525029901        0.0029588078
        0.4708579593       -1.4503651645       -0.9458584890
       -0.5763908377       -1.7780186749       -0.9393189013
       -1.2380006445       -0.8974241952       -0.9440270705
       -1.8714139343        0.0000911820       -0.9459504686
       -1.2379672968        0.8975834604       -0.9442431311
       -0.5763247711        1.7781544646       -0.9397469491
        0.4709118509        1.4504604781       -0.9462076543
        1.5098014045        1.0962544802       -0.9382438900
        1.5238402485        0.0000282761       -0.9445286825
        1.5097606732       -1.0961958610       -0.9379799901
       -0.2923453623       -0.8968954717       -1.5224205581
       -0.9444865272        0.0000045748       -1.5224073058
       -0.2923120376        0.8968803605       -1.5226364705
        0.7604452549        0.5528813415       -1.5222076694
        0.7604247110       -0.5529354759       -1.5220745649
       -0.0009080967       -0.0000805032       -2.0835901887
        2.0591996200       -1.4934078574        0.4509200211
        1.3799684682       -2.3992558552        0.4441893581
        0.3122264142       -2.7522038649        0.4401076986
       -0.7694984765       -2.4287499983        0.4490498873
       -0.7694082250        2.4292271729        0.4484651445
        0.3123286832        2.7526386847        0.4394450942
        1.3800576223        2.3996519950        0.4436117253
        2.0592551160        1.4937804069        0.4505604605
        2.7061887087        0.5637800757        0.4461963653
        2.7061677673       -0.5634326419        0.4463320452
        1.8449284028       -2.0366071775       -0.5014855699
        0.7864369670       -2.4001957503       -0.5072338182
       -0.2823396041       -2.7346656064       -0.5059710460
       -1.3660390561       -2.3902483041       -0.5016409035
       -2.0457685116       -1.4896896285       -0.5098780412
       -2.6976109908       -0.5690760536       -0.5158936334
       -2.6975898404        0.5693926285       -0.5160306681
       -2.0457131553        1.4899834044       -0.5102366972
       -1.3659502390        2.3905187802       -0.5022163527
       -0.2822379906        2.7348947641       -0.5066294036
        0.7865261522        2.4003849024       -0.5078116523
        1.8450040778        2.0367583948       -0.5019758709
        2.5079418095        1.1196859736       -0.5005677592
        2.5237321017        0.0000628073       -0.5033197827
        2.5079002088       -1.1195590766       -0.5002982268
        1.2489104715       -2.0284933923       -1.4528978511
        0.1886618500       -2.3749013241       -1.4544863834
       -0.8753000335       -2.7111856918       -1.4500630219
       -1.5426400039       -1.8154642849       -1.4552117813
       -2.2011111459       -0.9118214437       -1.4618135429
       -2.8483961191        0.0000468899       -1.4647153725
       -2.2010772650        0.9118918444       -1.4620330589
       -1.5425725476        1.8155117819       -1.4556488330
       -0.8751992963        2.7112096061       -1.4507157024
        0.1887500916        2.3748846509       -1.4550581035
        1.2489858411        2.0284377172       -1.4533861740
        2.3058241776        1.6717539008       -1.4474041800
        2.3162604691        0.5571678326       -1.4509298306
        2.3162397652       -0.5572626157       -1.4507956894
        2.3057620602       -1.6718474143       -1.4470017189
        0.4811667804       -1.4760338002       -2.0468185311
       -0.5858134666       -1.8122612553       -2.0377878673
       -1.2542999722       -0.9134453776       -2.0481005204
       -1.9024702606       -0.0000404293       -2.0441553207
       -1.2542660342        0.9133394587       -2.0483204060
       -0.5857461326        1.8121329540       -2.0382241268
        0.4812216208        1.4758636903       -2.0471738437
        1.5412133245        1.1175667131       -2.0354932840
        1.5528181673       -0.0001047504       -2.0452247594
        1.5411717964       -1.1177734068       -2.0352242216
       -0.2935968415       -0.9088695318       -2.6175237450
       -0.9533737703       -0.0001271919       -2.6184816658
       -0.2935630767        0.9085908370       -2.6177425082
        0.7735941442        0.5607254943       -2.6165822242
        0.7735733040       -0.5610435713       -2.6164471996
        0.0016614317       -0.0002137770       -3.1904172607
