       -0.0056950129        0.0001698441        0.0411065849
       -0.0074659998        0.0002943696        1.0850841451
        0.2874570059       -0.8891696004        0.5002881668
       -0.7632872978       -0.5538048683        0.4979397668
       -0.7632709783        0.5542758148        0.4978076228
        0.2874832031        0.8896101473        0.5000760387
        0.9313851936        0.0002108451        0.5006428449
       -0.2894656069       -0.8786839749       -0.4402091811
       -0.9298634322        0.0001262079       -0.4389330973
       -0.2894397216        0.8789171979       -0.4404187836
        0.7421963959        0.5415158936       -0.4417419056
        0.7421804484       -0.5413133832       -0.4416127729
       -0.0043933500        0.0000444583       -1.0101429754
       -0.0088229122        0.0004229995        2.1635299652
        0.2971497235       -0.9220497329        1.5817089413
       -0.7923573026       -0.5740829093        1.5787938102
       -0.7923403821        0.5748125057        1.5786567988
        0.2971768931        0.9227479228        1.5814889402
        0.9645841396        0.0003392654        1.5815991396
        1.2676612892       -0.9215141073        0.9730279556
        0.5918808075       -1.8171606251        0.9585236112
       -0.4828636667       -1.4924102935        0.9729005449
       -1.5610467018       -1.1357120618        0.9449994634
       -1.5683716749        0.0003039557        0.9726999389
       -1.5610132402        1.1363131178        0.9447285133
       -0.4828196988        1.4929862358        0.9725445218
        0.5919343405        1.8177014720        0.9580901362
        1.2676884404        0.9220385341        0.9728081030
        1.9068947668        0.0002513101        0.9604310340
        1.0575170547       -1.4587773530        0.0026232196
        0.0082647514       -1.8033515963        0.0008307256
       -1.0670019957       -1.4695896527        0.0058152228
       -1.7259376830       -0.5660554698        0.0035753180
       -1.7259210041        0.5664368604        0.0034402627
       -1.0669587031        1.4699521423        0.0054646681
        0.0083178746        1.8036812151        0.0004005693
        1.0575600278        1.4590765032        0.0022752513
        1.7127667622        0.5527203470        0.0030031884
        1.7127504858       -0.5524403487        0.0031349842
        0.4713674782       -1.4505768847       -0.9460400523
       -0.5757370813       -1.7786035813       -0.9390635845
       -1.2364097898       -0.8984912994       -0.9447735963
       -1.8714820618        0.0000802930       -0.9402349758
       -1.2363833224        0.8986320708       -0.9449879120
       -0.5756846902        1.7787262288       -0.9394878135
        0.4714102068        1.4506670349       -0.9463860397
        1.5102201623        1.0963415792       -0.9384293471
        1.5241889679        0.0000297294       -0.9448747880
        1.5101878701       -1.0962801400       -0.9381678663
       -0.2922817470       -0.8968380250       -1.5223783629
       -0.9449591689       -0.0000027486       -1.5221490734
       -0.2922553307        0.8968132225       -1.5225922646
        0.7607963418        0.5530759324       -1.5226036804
        0.7607800499       -0.5531317656       -1.5224717597
       -0.0015297883       -0.0000836067       -2.0836655353
        2.0595448604       -1.4931124701        0.4510835106
        1.3802175037       -2.3986152471        0.4448051521
        0.3136592476       -2.7532166615        0.4397579807
       -0.7676320363       -2.4305660336        0.4499100993
       -2.5522490264        0.0002558733        0.4480028908
       -0.7675604365        2.4310255984        0.4493303308
        0.3137403508        2.7536419458        0.4391012610
        1.3802881615        2.3990103296        0.4442330119
        2.0595888460        1.4934890664        0.4507273439
        2.7064781559        0.5636082516        0.4462235202
        2.7064615599       -0.5632518107        0.4463579037
        1.8452881929       -2.0364892985       -0.5013853403
        0.7871712839       -2.4002695324       -0.5074241121
       -0.2813725105       -2.7352190985       -0.5060204951
       -1.3649557321       -2.3913805114       -0.5006877178
       -2.0447901312       -1.4910612287       -0.5066977208
       -2.6948514987       -0.5700019601       -0.5064700804
       -2.6948347048        0.5702902394       -0.5066060658
       -2.0447462076        1.4913302794       -0.5070533855
       -1.3648852895        2.3916309448       -0.5012581153
       -0.2812919405        2.7354363328       -0.5066728974
        0.7872419874        2.4004549673       -0.5079966219
        1.8453481807        2.0366450170       -0.5018710814
        2.5082369422        1.1195692366       -0.5006721658
        2.5239577470        0.0000676326       -0.5035724328
        2.5082039669       -1.1194327842       -0.5004051539
        1.2491890183       -2.0284998370       -1.4532550867
        0.1889240094       -2.3750692723       -1.4547737983
       -0.8751433509       -2.7114437632       -1.4497546554
       -1.5433437818       -1.8160505463       -1.4535863487
       -2.2019406186       -0.9113569902       -1.4556684324
       -2.8494588215        0.0000335395       -1.4530599466
       -2.2019137736        0.9114043478       -1.4558858056
       -1.5432902890        1.8160789752       -1.4540194978
       -0.8750634843        2.7114533980       -1.4504013623
        0.1889939675        2.3750463773       -1.4553402728
        1.2492487676        2.0284460838       -1.4537388973
        2.3060162528        1.6717283311       -1.4475986931
        2.3163701456        0.5571774525       -1.4513830230
        2.3163537325       -0.5572621187       -1.4512501207
        2.3059670103       -1.6718117575       -1.4471999597
        0.4807316698       -1.4761056619       -2.0470918897
       -0.5866935992       -1.8120900897       -2.0371732720
       -1.2561503027       -0.9136525939       -2.0471518129
       -1.9049343017       -0.0000502046       -2.0386409708
       -1.2561233926        0.9135310183       -2.0473697134
       -0.5866402256        1.8119511491       -2.0376054566
        0.4807751464        1.4759329240       -2.0474439347
        1.5411357060        1.1176594812       -2.0359515905
        1.5527247291       -0.0001019866       -2.0458423779
        1.5411027820       -1.1178607217       -2.0356849938
       -0.2951267037       -0.9087672974       -2.6171046219
       -0.9557157681       -0.0001331809       -2.6172048637
       -0.2950999399        0.9084814754       -2.6173213377
        0.7726850185        0.5607481952       -2.6168612520
        0.7726684968       -0.5610653694       -2.6167274703
       -0.0003220970       -0.0002155581       -3.1899821655
