       -0.0031898574        0.0026658078        0.0495564597
       -0.0046887258        0.0040055935        1.1049418383
        0.2874910922       -0.8882733807        0.5038777712
       -0.7591170795       -0.5503569769        0.5033116422
       -0.7634887772        0.5551790573        0.5007920084
        0.2892995389        0.8926215061        0.5029687880
        0.9340716253        0.0016417355        0.5036663258
       -0.2861600750       -0.8743513747       -0.4388702704
       -0.9255505109        0.0021397781       -0.4370895476
       -0.2877997047        0.8799021816       -0.4372981054
        0.7433654098        0.5426264719       -0.4392069468
        0.7431220281       -0.5396936471       -0.4382315056
       -0.0025089477        0.0019202008       -1.0063383111
        0.2999394201       -0.9280393165        1.5827013317
       -0.7946320932       -0.5749140178        1.5828376954
       -0.8001587856        0.5820782213        1.5784185331
        0.3019250515        0.9343222317        1.5824790982
        0.9759818212        0.0024253682        1.5824802517
        1.2701230847       -0.9222585918        0.9725198841
        0.5902307963       -1.8179910063        0.9588751064
       -0.4868353909       -1.4951782284        0.9715801485
       -1.5497931439       -1.1277589848        0.9563319001
       -1.5723235606       -0.0022321223        0.9714858234
       -1.5648601071        1.1375317773        0.9424511470
       -0.4831698076        1.4968145378        0.9711296473
        0.5942379590        1.8231583261        0.9556307571
        1.2721243460        0.9257496814        0.9710049318
        1.9119401197        0.0011313549        0.9584428797
        1.0556392734       -1.4590380273        0.0041462220
        0.0039270495       -1.8015848558        0.0031787173
       -1.0620328255       -1.4583802049        0.0023788140
       -1.7142673076       -0.5664118295        0.0009073593
       -1.7271205047        0.5614549024        0.0065938566
       -1.0673217049        1.4695628573        0.0063780886
        0.0093234061        1.8058362536        0.0003437090
        1.0591777857        1.4611283338        0.0016851337
        1.7149588748        0.5533779177        0.0026191740
        1.7141431992       -0.5527122602        0.0039308775
        0.4709918212       -1.4497537155       -0.9434933385
       -0.5760237713       -1.7756143312       -0.9379030215
       -1.2341638259       -0.8969317883       -0.9451749398
       -1.8695246330       -0.0016429386       -0.9376294162
       -1.2361581488        0.8982609878       -0.9417470674
       -0.5759937141        1.7786963370       -0.9380524279
        0.4718028197        1.4510595722       -0.9457328266
        1.5108475786        1.0966316839       -0.9385854722
        1.5244488868        0.0001621401       -0.9438378410
        1.5094522602       -1.0966001565       -0.9362847049
       -0.2912703870       -0.8950761367       -1.5207885365
       -0.9435995669        0.0008174002       -1.5200078374
       -0.2923637259        0.8971398061       -1.5202208052
        0.7612524901        0.5535539573       -1.5211327336
        0.7607671494       -0.5527709833       -1.5199637298
       -0.0011484467        0.0006763042       -2.0812679525
        2.0590373038       -1.4955795685        0.4502705170
        1.3747540297       -2.4011926651        0.4453024796
        0.3014099626       -2.7511857787        0.4440778620
       -0.7845741236       -2.4235659455        0.4481873683
       -1.8570215350       -2.0567528255        0.4419653929
       -2.5249231947       -1.1508027574        0.4370962075
       -2.5508676799       -0.0214820850        0.4480782989
       -0.7673404054        2.4332591272        0.4474950481
        0.3147313776        2.7575294598        0.4361675810
        1.3827250277        2.4022422897        0.4409059279
        2.0629651209        1.4956182670        0.4472561634
        2.7101102015        0.5640064411        0.4432901666
        2.7088967028       -0.5649577785        0.4448661870
        1.8416754818       -2.0383783401       -0.5002309027
        0.7813087612       -2.4007538410       -0.5038078127
       -0.2889267406       -2.7325846015       -0.5022873590
       -1.3672827487       -2.3854871682       -0.5035874330
       -2.0406454144       -1.4910302394       -0.5087963423
       -2.6895107605       -0.5772841052       -0.5072987220
       -2.6954749152        0.5615312102       -0.4999488763
       -2.0465425243        1.4871617333       -0.5023249798
       -1.3667205190        2.3903499919       -0.5003834068
       -0.2817916111        2.7365578012       -0.5080860966
        0.7877331387        2.4017823333       -0.5097212813
        1.8464835357        2.0377502321       -0.5046384018
        2.5097973085        1.1194132699       -0.5032026004
        2.5248962575       -0.0009833719       -0.5043780024
        2.5078969621       -1.1214305884       -0.5004487710
        1.2467647370       -2.0295433323       -1.4504294546
        0.1866216851       -2.3747505490       -1.4514195610
       -0.8768646766       -2.7096942990       -1.4487722337
       -1.5430529993       -1.8145272105       -1.4540438529
       -2.2003848096       -0.9124806574       -1.4549519501
       -2.8488370685       -0.0031692658       -1.4492087252
       -2.2031145559        0.9089399234       -1.4504100818
       -1.5452092642        1.8144417659       -1.4506252306
       -0.8772553754        2.7103989002       -1.4498534737
        0.1879230454        2.3746446941       -1.4557329768
        1.2489373257        2.0282027622       -1.4549568922
        2.3061463453        1.6712133810       -1.4498131450
        2.3161989670        0.5562733794       -1.4521159774
        2.3154581348       -0.5586570923       -1.4507789397
        2.3037605391       -1.6738372656       -1.4459132386
        0.4801369152       -1.4761378860       -2.0445803052
       -0.5865582920       -1.8108001246       -2.0356076521
       -1.2551849986       -0.9125583159       -2.0462730821
       -1.9045927410       -0.0002640391       -2.0356115695
       -1.2572550737        0.9133273195       -2.0441814250
       -0.5883889466        1.8112808384       -2.0360419957
        0.4799205162        1.4755380567       -2.0468404979
        1.5408084504        1.1171813483       -2.0363033456
        1.5521188795       -0.0007254579       -2.0449308658
        1.5397767916       -1.1188936476       -2.0337932195
       -0.2948505866       -0.9080263051       -2.6154475823
       -0.9557204602        0.0005702088       -2.6150250100
       -0.2961213112        0.9084033762       -2.6152407128
        0.7722153347        0.5606199727       -2.6157965352
        0.7720636939       -0.5612387386       -2.6146088299
       -0.0007214734        0.0001030884       -3.1881295777
