       -0.0030244224        0.0025265803        0.0412865269
       -0.0039929444        0.0034684546        1.0857965907
        0.2873576548       -0.8875443275        0.5010478092
       -0.7582136923       -0.5499139655        0.5004745380
       -0.7623012056        0.5542939384        0.4985301849
        0.2891358456        0.8915966219        0.5001458282
        0.9333159671        0.0015148762        0.5008450757
       -0.2862777914       -0.8749560309       -0.4419153925
       -0.9261440766        0.0022403637       -0.4398872853
       -0.2880916997        0.8804183008       -0.4400875375
        0.7438913138        0.5429084146       -0.4422387103
        0.7436934990       -0.5401217423       -0.4413043439
       -0.0024783592        0.0018899516       -1.0106682505
       -0.0047125717        0.0042373162        2.1646226541
        0.2974384829       -0.9198864862        1.5822580602
       -0.7872406268       -0.5699597278        1.5821372472
       -0.7909768812        0.5753750363        1.5790278034
        0.2994662094        0.9257199408        1.5817961851
        0.9674248307        0.0022434989        1.5820477855
        1.2675978674       -0.9204490986        0.9735834702
        0.5893098917       -1.8148505797        0.9605419302
       -0.4856710346       -1.4921483542        0.9726701071
       -1.5468793193       -1.1257748305        0.9580916486
       -1.5686872234       -0.0023041469        0.9730700437
       -1.5606652822        1.1344584752        0.9459626540
       -0.4820028222        1.4933446435        0.9727289886
        0.5932261480        1.8197410431        0.9574199782
        1.2695775895        0.9236730917        0.9721192237
        1.9086446047        0.0010044794        0.9601278581
        1.0553522956       -1.4584536385        0.0037015611
        0.0038943827       -1.8008735727        0.0027672926
       -1.0614759164       -1.4577986858        0.0020556389
       -1.7135368526       -0.5658749198        0.0007724074
       -1.7263013876        0.5615319576        0.0068282162
       -1.0671584961        1.4687376443        0.0066213447
        0.0090216714        1.8049537862        0.0002317837
        1.0587801228        1.4603975970        0.0013901982
        1.7142560585        0.5531681055        0.0022304969
        1.7134830314       -0.5526410237        0.0034950073
        0.4711788909       -1.4502804834       -0.9449732349
       -0.5761791038       -1.7760692924       -0.9388388025
       -1.2345516354       -0.8971354281       -0.9464568639
       -1.8699433186       -0.0015212374       -0.9384142507
       -1.2365602863        0.8985447043       -0.9431830357
       -0.5762472180        1.7790463365       -0.9388202762
        0.4718684055        1.4514812144       -0.9469924225
        1.5112242107        1.0969104235       -0.9394939324
        1.5250000983        0.0001373309       -0.9453039759
        1.5098910043       -1.0969262885       -0.9373198552
       -0.2914195798       -0.8956105889       -1.5230278532
       -0.9441158396        0.0007890547       -1.5221380806
       -0.2924992237        0.8976360161       -1.5223425899
        0.7617119163        0.5538579471       -1.5233583777
        0.7612214757       -0.5531034242       -1.5222381155
       -0.0011351160        0.0006692694       -2.0838983276
        2.0574394497       -1.4944384618        0.4517621190
        1.3736271404       -2.3994973351        0.4467595260
        0.3013829314       -2.7490751654        0.4455871945
       -0.7838982002       -2.4215884557        0.4497852318
       -1.8557027119       -2.0549959278        0.4436349201
       -2.5228346404       -1.1497240945        0.4389531241
       -2.5486017530       -0.0208492084        0.4499440795
       -0.7672629198        2.4308812739        0.4493850077
        0.3143300212        2.7551832452        0.4380626822
        1.3814408832        2.4004189992        0.4426189451
        2.0612729167        1.4943385002        0.4488922771
        2.7080746726        0.5633544485        0.4448318562
        2.7069168383       -0.5644354518        0.4463410741
        1.8415110236       -2.0380891401       -0.4994024841
        0.7812610700       -2.4005864374       -0.5035611470
       -0.2889742903       -2.7321904698       -0.5013599797
       -1.3670608041       -2.3851154468       -0.5025618591
       -2.0404620992       -1.4907091430       -0.5082373097
       -2.6890843281       -0.5768821774       -0.5060733052
       -2.6949319959        0.5614334190       -0.4991952889
       -2.0462941041        1.4869684961       -0.5027157088
       -1.3664721056        2.3898478379       -0.4996122250
       -0.2820544600        2.7360128145       -0.5068287497
        0.7874720854        2.4014939085       -0.5091248546
        1.8461865109        2.0374100394       -0.5035703342
        2.5093961315        1.1193227494       -0.5022382460
        2.5247111029       -0.0010038817       -0.5041083274
        2.5075605516       -1.1213775633       -0.4996115232
        1.2471467412       -2.0301327661       -1.4507576341
        0.1866019765       -2.3754439522       -1.4516919887
       -0.8771199030       -2.7101619615       -1.4481548778
       -1.5435109561       -1.8149764311       -1.4541219820
       -2.2010110218       -0.9126393574       -1.4549535863
       -2.8493343759       -0.0032340013       -1.4486236795
       -2.2036780250        0.9090661259       -1.4510141583
       -1.5455070994        1.8149340556       -1.4512207247
       -0.8773513777        2.7108879486       -1.4492425848
        0.1878766761        2.3752858136       -1.4557033368
        1.2492194022        2.0287741349       -1.4549984782
        2.3065088886        1.6715983230       -1.4491540572
        2.3168493722        0.5565038488       -1.4523605652
        2.3161343265       -0.5588408372       -1.4510931351
        2.3042053183       -1.6741622575       -1.4454611989
        0.4803755524       -1.4769195528       -2.0460033125
       -0.5868689423       -1.8116171367       -2.0364812929
       -1.2558383201       -0.9130586096       -2.0475435498
       -1.9053820758       -0.0003820433       -2.0364371038
       -1.2577729365        0.9137056635       -2.0456029502
       -0.5885190338        1.8120711526       -2.0368504002
        0.4801962105        1.4763176829       -2.0480884029
        1.5414914191        1.1177334607       -2.0371492771
        1.5529384849       -0.0007067252       -2.0463399356
        1.5404637727       -1.1193896084       -2.0347577566
       -0.2950191138       -0.9085276420       -2.6171629390
       -0.9562027573        0.0005096347       -2.6166917817
       -0.2962055979        0.9088910856       -2.6168989213
        0.7726473653        0.5609459937       -2.6174980253
        0.7724706652       -0.5615261728       -2.6163573635
       -0.0007232277        0.0001178230       -3.1898121643
