        0.0002067261        0.0001503800        0.0412085463
        0.0003624107        0.0002681767        1.0863989864
        0.2893496189       -0.8894773052        0.5010428051
       -0.7565313648       -0.5496499737        0.5011602929
       -0.7565313831        0.5500543709        0.5010363523
        0.2893495893        0.8898817021        0.5008422651
        0.9357395967        0.0002021984        0.5008462531
       -0.2846553149       -0.8763978422       -0.4418072898
       -0.9214653250        0.0000959266       -0.4418112188
       -0.2846553441        0.8765896952       -0.4420048577
        0.7457248785        0.5417988664       -0.4421206042
        0.7457248966       -0.5416070136       -0.4419985005
        0.0000499116        0.0000317285       -1.0115673965
        0.0005231855        0.0003898247        2.1657622860
        0.3003843370       -0.9228209758        1.5825721422
       -0.7848377750       -0.5702109369        1.5826940493
       -0.7848377941        0.5708591180        1.5825654467
        0.3003843062        0.9234691566        1.5823640588
        0.9710884686        0.0003240903        1.5823681969
        1.2698555214       -0.9220976470        0.9727166613
        0.5907290034       -1.8167655625        0.9599599326
       -0.4845641621       -1.4921431633        0.9730422341
       -1.5453055001       -1.1227258807        0.9601998814
       -1.5688551879        0.0002553740        0.9730355443
       -1.5453055375        1.1232337078        0.9599467538
       -0.4845642119        1.4926539111        0.9727058370
        0.5907289428        1.8172733891        0.9595503636
        1.2698554907        0.9226083944        0.9725087564
        1.9108708903        0.0002539131        0.9595585085
        1.0564504801       -1.4599763428        0.0027282998
        0.0039156582       -1.8019656408        0.0029236218
       -1.0620588505       -1.4556095273        0.0030433667
       -1.7125611633       -0.5602699210        0.0030393533
       -1.7125611820        0.5605620061        0.0029130316
       -1.0620588991        1.4559016122        0.0027152292
        0.0039155981        1.8022577254        0.0025174131
        1.0564504315        1.4602684272        0.0023991779
        1.7152589205        0.5534963503        0.0024032426
        1.7152589390       -0.5532042660        0.0025279716
        0.4716124964       -1.4512509538       -0.9455452609
       -0.5770736132       -1.7761972532       -0.9380701534
       -1.2344813547       -0.8969074581       -0.9453536089
       -1.8675855261        0.0000399798       -0.9380781155
       -1.2344813846        0.8969857761       -0.9455557870
       -0.5770736724        1.7762772125       -0.9384705298
        0.4716124480        1.4513292714       -0.9458723919
        1.5110184291        1.0978149614       -0.9387050931
        1.5260364544        0.0000391587       -0.9458658864
        1.5110184657       -1.0977350025       -0.9384576469
       -0.2912953602       -0.8964600021       -1.5229995356
       -0.9425928505       -0.0000259279       -1.5230035539
       -0.2912953901        0.8964081461       -1.5232015982
        0.7625260674        0.5540007984       -1.5233199779
        0.7625260859       -0.5540526546       -1.5231950964
       -0.0001099028       -0.0000891929       -2.0844829801
        2.0590784736       -1.4956172227        0.4496751380
        1.3741329918       -2.4013195384        0.4451014903
        0.3003612680       -2.7502091242        0.4453007533
       -0.7861281425       -2.4200809012        0.4502031314
       -1.8591620122       -2.0485374762        0.4455433406
       -2.5227894525       -1.1351326820        0.4455392462
       -2.5445625861        0.0001964315        0.4501922824
       -2.5227894904        1.1355244680        0.4452833352
       -1.8591620805        2.0489292621        0.4450815417
       -0.7861282232        2.4204737638        0.4496575839
        0.3003611763        2.7506009096        0.4446807926
        1.3741329118        2.4017113236        0.4445601718
        2.0590784238        1.4960100847        0.4493379711
        2.7087917218        0.5647111007        0.4445684062
        2.7087917407       -0.5643193158        0.4446956519
        1.8419594982       -2.0392761710       -0.5011024789
        0.7805687541       -2.4018684996       -0.5042607625
       -0.2912396903       -2.7323946101       -0.5007066148
       -1.3702679283       -2.3817970829       -0.5005854035
       -2.0431015038       -1.4844024174       -0.5039435690
       -2.6886575690       -0.5671894502       -0.5005935376
       -2.6886575879        0.5673679802       -0.5007214062
       -2.0431015533        1.4845801905       -0.5042781838
       -1.3702680077        2.3819756126       -0.5011222975
       -0.2912397814        2.7325731395       -0.5013225359
        0.7805686740        2.4020462720       -0.5048021806
        1.8419594302        2.0394546999       -0.5015621662
        2.5088355678        1.1215784575       -0.5015580518
        2.5256928970        0.0000888860       -0.5047914137
        2.5088356052       -1.1213999288       -0.5013052602
        1.2468652923       -2.0308516243       -1.4517883221
        0.1849306261       -2.3758951168       -1.4515912558
       -0.8803083977       -2.7092822288       -1.4463572193
       -1.5461458874       -1.8134342621       -1.4513967974
       -2.2024576236       -0.9100986706       -1.4514008467
       -2.8487046073       -0.0000173227       -1.4463693638
       -2.2024576539        0.9100628894       -1.4516059853
       -1.5461459478        1.8133984807       -1.4518055542
       -0.8803084881        2.7092475829       -1.4469679067
        0.1849305469        2.3758593351       -1.4521267952
        1.2468652246        2.0308158422       -1.4522460864
        2.3046234265        1.6744004730       -1.4473256821
        2.3167293658        0.5582742076       -1.4522394856
        2.3167293844       -0.5583099899       -1.4521136426
        2.3046234823       -1.6744351197       -1.4469482566
        0.4799762438       -1.4776207904       -2.0466322396
       -0.5887693092       -1.8118134555       -2.0356066641
       -1.2569713252       -0.9132523141       -2.0464371218
       -1.9050680373       -0.0000837171       -2.0356147853
       -1.2569713557        0.9130824390       -2.0466429561
       -0.5887693696        1.8116460211       -2.0360150407
        0.4799761945        1.4774509149       -2.0469652866
        1.5410466744        1.1196268392       -2.0362542910
        1.5534688477       -0.0000849379       -2.0469586635
        1.5410467117       -1.1197942742       -2.0360019003
       -0.2955132692       -0.9090631781       -2.6169618295
       -0.9558779249       -0.0001492215       -2.6169659038
       -0.2955132995        0.9087647348       -2.6171667051
        0.7729791396        0.5615904962       -2.6172867329
        0.7729791583       -0.5618889397       -2.6171601128
       -0.0002745658       -0.0002137829       -3.1899496365
