        0.0032435857        0.0001371792        0.0410519537
       -0.0022684894        0.0002487640        1.0865757507
        0.2933532814       -0.8896271159        0.5011411673
       -0.7491498144       -0.5546333956        0.4990596866
       -0.7491568919        0.5549959371        0.4989412227
        0.2933419305        0.8900033928        0.5009511742
        0.9374472733        0.0001923142        0.5016782672
       -0.2827099508       -0.8767195505       -0.4418824883
       -0.9211629616        0.0000802098       -0.4373422627
       -0.2827211357        0.8768871250       -0.4420697031
        0.7474064280        0.5419437988       -0.4425914267
        0.7474133402       -0.5417632025       -0.4424757303
        0.0000961219        0.0000248565       -1.0108662767
       -0.0057886287        0.0003638657        2.1649221653
        0.2981151155       -0.9221118551        1.5825562996
       -0.7922242424       -0.5698437170        1.5817960510
       -0.7922315153        0.5704368943        1.5816743148
        0.2981033488        0.9227190955        1.5823593457
        0.9688403824        0.0003079220        1.5826795525
        1.2723609438       -0.9220200244        0.9737932505
        0.5947296419       -1.8166452945        0.9605050839
       -0.4796082339       -1.4944334040        0.9744989727
       -1.5357980344       -1.1298100464        0.9567813486
       -1.5465673692        0.0002252213        0.9583174511
       -1.5358124497        1.1302602725        0.9565400637
       -0.4796273005        1.4949008781        0.9741798318
        0.5947064649        1.8171234780        0.9601171432
        1.2723491790        0.9225097098        0.9735963288
        1.9122840640        0.0002474827        0.9601914893
        1.0585410939       -1.4603442397        0.0020906163
        0.0057790320       -1.8019255415        0.0036042253
       -1.0600172734       -1.4581026271        0.0028369412
       -1.7114216254       -0.5621817508        0.0092052158
       -1.7114287984        0.5624274234        0.0090851527
       -1.0600358752        1.4583552290        0.0025255805
        0.0057560441        1.8021918952        0.0032194502
        1.0585224633        1.4606237075        0.0017787741
        1.7164276057        0.5534164255        0.0021559136
        1.7164346635       -0.5531285053        0.0022740482
        0.4725280907       -1.4515852398       -0.9456864281
       -0.5763794304       -1.7765659754       -0.9373092063
       -1.2342915621       -0.8966318722       -0.9416310664
       -1.8679838807        0.0000214632       -0.9310443573
       -1.2343030002        0.8966806013       -0.9418225202
       -0.5764020935        1.7766239998       -0.9376885444
        0.4725095731        1.4516548633       -0.9459963777
        1.5118305978        1.0978326226       -0.9396775534
        1.5268675593        0.0000414355       -0.9467881986
        1.5118446017       -1.0977484000       -0.9394431534
       -0.2918211725       -0.8965545576       -1.5221318868
       -0.9436006893       -0.0000354206       -1.5190903235
       -0.2918326089        0.8964913609       -1.5223233121
        0.7621479925        0.5539656445       -1.5234403602
        0.7621550595       -0.5540156425       -1.5233220723
       -0.0017091627       -0.0000896618       -2.0834299614
       -2.3757698826       -0.5626463764        1.3946102440
       -2.3757770634        0.5631793855        1.3944900510
        2.0607481277       -1.4957449317        0.4488117993
        1.3763615211       -2.4019580079        0.4439646533
        0.3021874172       -2.7497261641        0.4460330041
       -0.7847482762       -2.4207067719        0.4516040071
       -1.8588846473       -2.0504301965        0.4473196248
       -2.5208612198       -1.1373348488        0.4497833894
       -2.5409919974        0.0001645721        0.4496386783
       -2.5208757302        1.1376642548        0.4495405108
       -1.8589108056        2.0507675000        0.4468817814
       -0.7847791581        2.4210586839        0.4510871009
        0.3021523381        2.7500907445        0.4454458444
        1.3763308782        2.4023358573        0.4434517476
        2.0607290448        1.4961325671        0.4484923868
        2.7099098499        0.5645429665        0.4436184214
        2.7099170489       -0.5641481119        0.4437389203
        1.8432914700       -2.0394180862       -0.5024549406
        0.7816386419       -2.4021352832       -0.5045646386
       -0.2902591488       -2.7323092596       -0.4997188133
       -1.3697572249       -2.3831897568       -0.4990495759
       -2.0424615486       -1.4847062580       -0.4997640554
       -2.6883010978       -0.5682863911       -0.4940336360
       -2.6883083479        0.5684121505       -0.4941549898
       -2.0424804890        1.4848390115       -0.5000810836
       -1.3697876269        2.3833312237       -0.4995584491
       -0.2902940043        2.7324643461       -0.5003022318
        0.7816079981        2.4023030163       -0.5050775598
        1.8432654531        2.0395998210       -0.5028904160
        2.5095877983        1.1213881417       -0.5028408798
        2.5264572566        0.0000948629       -0.5060628505
        2.5096021020       -1.1211979175       -0.5026014616
        1.2470866511       -2.0309343438       -1.4526569452
        0.1849907619       -2.3761401924       -1.4514642777
       -0.8803683567       -2.7094281233       -1.4451224968
       -1.5464601399       -1.8131167100       -1.4480143134
       -2.2029929161       -0.9097511988       -1.4457403584
       -2.8494826886       -0.0000389914       -1.4386730225
       -2.2030045208        0.9096799331       -1.4459346007
       -1.5464832685        1.8130533131       -1.4484014428
       -0.8804029191        2.7093738204       -1.4457010074
        0.1849604510        2.3760981332       -1.4519716261
        1.2470607437        2.0309055864       -1.4530905867
        2.3048304224        1.6741623560       -1.4489887229
        2.3169487419        0.5582118614       -1.4538672231
        2.3169558628       -0.5582271703       -1.4537480322
        2.3048517788       -1.6741767523       -1.4486312546
        0.4789508142       -1.4776282129       -2.0466109775
       -0.5899936345       -1.8118786827       -2.0345082030
       -1.2584645982       -0.9131303843       -2.0428877965
       -1.9066358134       -0.0000960450       -2.0294130547
       -1.2584762453        0.9129436646       -2.0430827480
       -0.5900167465        1.8117022589       -2.0348950560
        0.4789319659        1.4774628486       -2.0469264626
        1.5401868314        1.1194928276       -2.0371785304
        1.5526220324       -0.0000759520       -2.0478739422
        1.5402011131       -1.1196425809       -2.0369394806
       -0.2978375401       -0.9090247231       -2.6157833083
       -0.9584798578       -0.0001523447       -2.6134080117
       -0.2978491341        0.9087279332       -2.6159773713
        0.7708962571        0.5614717151       -2.6172579711
        0.7709034213       -0.5617551530       -2.6171380556
       -0.0036413901       -0.0002076767       -3.1887381362
