          0.2554245657       -0.7597155830        0.8059835272
          0.5283253377        0.9897998883        0.1821754467
         -0.5997802033        0.8673465165        0.4242568675
          1.0568739378       -0.0157847459        0.4180799298
         -0.7684429943       -0.2139178301        0.8097866524
         -0.2229503268        0.7895914511       -0.6395424769
          0.6115264731       -0.7980514036       -0.2670688620
         -0.4892364945       -0.9175362229       -0.0308514186
          0.7761020388        0.2570139805       -0.6432655993
         -1.0049747907        0.0636802183       -0.2610548345
         -0.1634049827       -0.3001501148       -0.9132836927
          0.0205374392        0.0377238456        0.1147844603
