        0.0057179685        0.0017155103        0.0396942498
       -0.0018234752       -0.0006741281        1.0852881741
        0.2989066885       -0.8866158289        0.4997931600
       -0.7462372812       -0.5522448411        0.4953102109
       -0.7460752001        0.5572616910        0.4964038251
        0.2948593543        0.8908937482        0.5011508067
        0.9393214601        0.0022683144        0.5018887953
       -0.2818549282       -0.8764429460       -0.4407445415
       -0.9198750885        0.0013232497       -0.4379247889
       -0.2814026709        0.8779763706       -0.4430739744
        0.7488993296        0.5429532274       -0.4435919255
        0.7489175024       -0.5410726985       -0.4432953353
        0.0008170465        0.0001737457       -1.0113341253
       -0.0185742601       -0.0024111052        2.1635275025
        0.3005935818       -0.9216390620        1.5827071986
       -0.7877187748       -0.5802559072        1.5756164161
       -0.7890782781        0.5696886111        1.5765758339
        0.2973327585        0.9214480496        1.5827584497
        0.9668918443        0.0012762662        1.5837859144
        1.2755437888       -0.9200568465        0.9746475624
        0.5979388500       -1.8142731511        0.9615278932
       -0.4698945923       -1.4859710151        0.9677943997
       -1.5363331202       -1.1152538071        0.9535853195
       -1.5446379108        0.0017844861        0.9421849235
       -1.5329862391        1.1262547852        0.9607456718
       -0.4786938069        1.4956864313        0.9747203306
        0.5954224590        1.8177358293        0.9605762079
        1.2735349295        0.9241388806        0.9741375212
        1.9134583876        0.0024740396        0.9608038865
        1.0607227805       -1.4598810620        0.0020059713
        0.0076406194       -1.8007404008        0.0051273070
       -1.0595411637       -1.4581020452        0.0082226526
       -1.7110841588       -0.5616383012        0.0057607866
       -1.7102128470        0.5645642455        0.0070139480
       -1.0589333960        1.4591740265        0.0030658687
        0.0067164106        1.8027138106        0.0031984338
        1.0594265942        1.4613110946        0.0012322607
        1.7176948722        0.5543953477        0.0013854587
        1.7173717557       -0.5521409970        0.0022082540
        0.4729397237       -1.4515870940       -0.9444972367
       -0.5767625555       -1.7767141757       -0.9334526484
       -1.2336195911       -0.8969072604       -0.9395882589
       -1.8677519584        0.0007669636       -0.9306996767
       -1.2338781501        0.8978156200       -0.9417022917
       -0.5760716852        1.7773771836       -0.9376536944
        0.4732037765        1.4523645565       -0.9469313190
        1.5125892559        1.0984120337       -0.9409260385
        1.5277727735        0.0004126986       -0.9477153420
        1.5126277787       -1.0977071385       -0.9396688257
       -0.2918962295       -0.8970730822       -1.5206475735
       -0.9436254407       -0.0001365827       -1.5187059281
       -0.2917758208        0.8965703442       -1.5226811019
        0.7623908862        0.5540085664       -1.5241968199
        0.7623755600       -0.5543996523       -1.5235936075
       -0.0020707567       -0.0007527603       -2.0833671600
       -1.6217253884       -0.0073196891        2.0289285045
       -1.2785461530       -2.0855928874        1.3988816813
       -2.3693444582       -0.5601908024        1.4004580525
       -2.3663335396        0.5593525054        1.4020482167
        2.0622890750       -1.4951392787        0.4488030688
        1.3773789456       -2.4015318043        0.4449947118
        0.3015464870       -2.7472146046        0.4511460001
       -0.7829007534       -2.4185221166        0.4552566961
       -1.8612226773       -2.0448929743        0.4505077354
       -2.5199173012       -1.1336119928        0.4544866793
       -2.5391338671        0.0006932201        0.4535694690
       -2.5175885128        1.1347895025        0.4557091370
       -1.8563283232        2.0480210774        0.4511921125
       -0.7833382912        2.4218139813        0.4517581326
        0.3033821598        2.7506063518        0.4451057530
        1.3771114021        2.4027141693        0.4428066741
        2.0618821936        1.4969448245        0.4474128902
        2.7111903278        0.5654742815        0.4424074919
        2.7104584374       -0.5629407046        0.4435409308
        1.8442275620       -2.0396090374       -0.5021254377
        0.7818213382       -2.4023398322       -0.5021370987
       -0.2902358277       -2.7319810363       -0.4950731802
       -1.3698624656       -2.3824795678       -0.4926142432
       -2.0425570754       -1.4842070927       -0.4963911549
       -2.6888386171       -0.5671185355       -0.4912727140
       -2.6880330275        0.5687059085       -0.4910758039
       -2.0429001795        1.4859718168       -0.4978921300
       -1.3696303635        2.3836367832       -0.4978764714
       -0.2897544229        2.7329198803       -0.5002540672
        0.7821863029        2.4028283510       -0.5059040165
        1.8437975594        2.0401391273       -0.5041445606
        2.5104319715        1.1219968534       -0.5043434711
        2.5272821546        0.0005745273       -0.5070941275
        2.5101992987       -1.1206711472       -0.5028980059
        1.2468048886       -2.0315147969       -1.4512832344
        0.1841644234       -2.3765621389       -1.4480986995
       -0.8813998780       -2.7098136944       -1.4395134648
       -1.5470552661       -1.8137477287       -1.4437442523
       -2.2031103755       -0.9096981845       -1.4425566904
       -2.8497397654        0.0004291402       -1.4362241510
       -2.2034500513        0.9102957828       -1.4439661908
       -1.5469512636        1.8136817765       -1.4472540456
       -0.8807613695        2.7096616376       -1.4450394287
        0.1848952608        2.3765218154       -1.4526814776
        1.2472628218        2.0313196001       -1.4544863397
        2.3050199568        1.6744394711       -1.4506681389
        2.3173294908        0.5583276421       -1.4553303137
        2.3172972198       -0.5583987795       -1.4546841718
        2.3049496324       -1.6745225168       -1.4486835621
        0.4783217159       -1.4787378998       -2.0453119794
       -0.5910073510       -1.8128736877       -2.0308671367
       -1.2592691872       -0.9139287013       -2.0405836711
       -1.9074067619       -0.0003057229       -2.0282380294
       -1.2592496327        0.9128541444       -2.0424851834
       -0.5906756185        1.8116555439       -2.0347542082
        0.4786029792        1.4774232916       -2.0478173263
        1.5400019451        1.1193108643       -2.0384386942
        1.5524680474       -0.0006098266       -2.0487761128
        1.5398766879       -1.1205793813       -2.0370331854
       -0.2989465211       -0.9103772943       -2.6141187303
       -0.9594364627       -0.0011218389       -2.6125540505
       -0.2987530879        0.9080016438       -2.6159965148
        0.7701363555        0.5606593451       -2.6178308272
        0.7700770094       -0.5630103908       -2.6171087588
       -0.0049390687       -0.0017270468       -3.1882956775
