        0.0135365997        0.0069817872        0.0356406316
        0.0090495176        0.0030627077        1.0804907062
        0.3028383404       -0.8809154872        0.4962360255
       -0.7425436779       -0.5409564968        0.4817943630
       -0.7409533271        0.5584302163        0.4966778995
        0.2982666542        0.8954818386        0.4996449111
        0.9493635769        0.0060640055        0.4978918866
       -0.2764964438       -0.8739635366       -0.4423880345
       -0.9150489631        0.0050799797       -0.4417515539
       -0.2780054687        0.8808235306       -0.4448903740
        0.7568431462        0.5470626683       -0.4442581874
        0.7566912336       -0.5396224633       -0.4426015201
        0.0057818323        0.0018902048       -1.0128816060
       -0.0172878595       -0.0162488704        2.1598329861
        0.2992174753       -0.9247909252        1.5774718164
       -0.7766448186       -0.5663299692        1.5539771372
       -0.7829305402        0.5677990111        1.5775614442
        0.3004576760        0.9214947048        1.5834928118
        0.9740874194        0.0000342309        1.5809011970
        1.2739324188       -0.9182738486        0.9762440928
        0.5943475969       -1.8064542759        0.9629117498
       -0.4760049823       -1.4658208124        0.9458157040
       -1.5234031271       -1.1074117662        0.9312663195
       -1.5383726476       -0.0004742971        0.9467943917
       -1.5289025413        1.1225813047        0.9651413295
       -0.4764111332        1.4970466771        0.9753272475
        0.5962475587        1.8233147257        0.9583409182
        1.2736140248        0.9285154346        0.9742433746
        1.9333019245        0.0050475975        0.9473550098
        1.0580982473       -1.4622181891        0.0020759587
        0.0054870371       -1.7997643197        0.0092125136
       -1.0584528860       -1.4544118349        0.0007815133
       -1.7096222673       -0.5569723792        0.0017042043
       -1.7064794925        0.5619624625        0.0108765026
       -1.0576659385        1.4581219379        0.0039121717
        0.0057050547        1.8062064977        0.0014176949
        1.0582416915        1.4688813532       -0.0029121295
        1.7321301506        0.5639371819        0.0037341104
        1.7311995222       -0.5575966816        0.0067272918
        0.4742978258       -1.4520501519       -0.9427973997
       -0.5755125577       -1.7760024061       -0.9319430058
       -1.2313116802       -0.8947972373       -0.9396243619
       -1.8659738641        0.0021783851       -0.9302890791
       -1.2334304766        0.8991903510       -0.9412596834
       -0.5772476235        1.7781941714       -0.9390014996
        0.4737334247        1.4544146639       -0.9503199042
        1.5150477990        1.1028751163       -0.9441568806
        1.5321409064        0.0014492133       -0.9470349134
        1.5147490605       -1.1005570152       -0.9384776022
       -0.2903254231       -0.8965137428       -1.5205714542
       -0.9414845294        0.0004867675       -1.5196912878
       -0.2914459215        0.8968473943       -1.5239553703
        0.7651750246        0.5550742780       -1.5255556819
        0.7650636976       -0.5552383647       -1.5229474925
       -0.0003129185       -0.0011478268       -2.0839987824
       -0.5192575255       -1.5220486632        2.0359256479
       -1.5798293816       -1.1488918339        2.0182330853
       -1.6043744600       -0.0247403021        2.0369489521
       -0.2094177348       -2.4124389160        1.4147126702
       -1.2739351774       -2.0573453767        1.4111110965
       -2.3313733320       -1.6934403578        1.4017761822
       -2.3483033661       -0.5751213862        1.4122178930
       -2.3546511049        0.5472020258        1.4168817157
        2.0524430332       -1.5125638142        0.4520584665
        1.3623055329       -2.4082394756        0.4487765021
        0.2886185643       -2.7437478822        0.4636478657
       -0.7908179219       -2.4093456299        0.4639766303
       -1.8551104409       -2.0419443234        0.4565025313
       -2.5153420516       -1.1315401573        0.4574559003
       -2.5332858172       -0.0052015262        0.4659593089
       -2.5139248764        1.1262315091        0.4669370528
       -1.8560567835        2.0430080547        0.4550984102
       -0.7857514402        2.4219602326        0.4516645820
        0.2972568595        2.7556232658        0.4419160129
        1.3690832375        2.4168976614        0.4337397242
        2.0541030400        1.5189980674        0.4445376510
        1.8368798471       -2.0480999948       -0.5015123030
        0.7734423669       -2.4057808137       -0.4975198700
       -0.2972540952       -2.7305121818       -0.4856353831
       -1.3715842675       -2.3811789000       -0.4885126957
       -2.0423658188       -1.4826828864       -0.4920665582
       -2.6883283458       -0.5660026929       -0.4865597381
       -2.6856497802        0.5642938502       -0.4823597301
       -2.0439204384        1.4819704346       -0.4927062548
       -1.3727461075        2.3810102122       -0.4968452471
       -0.2952269091        2.7349734934       -0.5028319317
        0.7762180370        2.4083055752       -0.5125558916
        1.8388813957        2.0503234410       -0.5128087304
        2.5133956385        1.1324784933       -0.5063484596
        2.5327856780        0.0013990642       -0.5080047483
        2.5123092963       -1.1296580305       -0.4996654134
        1.2440272572       -2.0350830572       -1.4492895077
        0.1817095598       -2.3785879691       -1.4439079540
       -0.8832167597       -2.7097558249       -1.4344111674
       -1.5470006892       -1.8127132789       -1.4394858166
       -2.2026753743       -0.9091375698       -1.4385049262
       -2.8496949729        0.0004396877       -1.4315125824
       -2.2052922422        0.9099550942       -1.4403423213
       -1.5503327737        1.8127972476       -1.4458743419
       -0.8860730671        2.7087678424       -1.4464603993
        0.1806040171        2.3772312358       -1.4572881913
        1.2443607858        2.0337513756       -1.4611933226
        2.3038551876        1.6786201531       -1.4566627204
        2.3185333392        0.5601891283       -1.4576998542
        2.3182622150       -0.5613644265       -1.4545259486
        2.3030771404       -1.6800888569       -1.4470212188
        0.4779478576       -1.4805842591       -2.0434446906
       -0.5917312153       -1.8135581708       -2.0284206468
       -1.2592604702       -0.9142698404       -2.0392951559
       -1.9076618708       -0.0007556994       -2.0265014697
       -1.2609488588        0.9122552079       -2.0417989850
       -0.5940161658        1.8105600623       -2.0361400307
        0.4771176514        1.4769401418       -2.0512241678
        1.5402529786        1.1199259914       -2.0422159149
        1.5539471786       -0.0017873127       -2.0492441028
        1.5400799600       -1.1237812722       -2.0361068442
       -0.2988249059       -0.9116857567       -2.6132880396
       -0.9594010826       -0.0022393107       -2.6123551710
       -0.2999843111        0.9064877512       -2.6170044364
        0.7706920717        0.5593380393       -2.6193947678
        0.7707622935       -0.5651260864       -2.6164810895
       -0.0046971527       -0.0038171379       -3.1884196289
