        0.0089041095        0.0064693740        0.0356138134
        0.0033444928        0.0024347619        1.0809919966
        0.3014048073       -0.8801631778        0.4965593264
       -0.7464024978       -0.5422910072        0.4819228384
       -0.7439478445        0.5586412867        0.4965528769
        0.2966241281        0.8938738738        0.5003320060
        0.9417843358        0.0058870442        0.5003359865
       -0.2790674413       -0.8744971317       -0.4424763449
       -0.9179308912        0.0048229545       -0.4424802865
       -0.2803824251        0.8808051855       -0.4448272617
        0.7511673548        0.5457530385       -0.4462354373
        0.7510544826       -0.5388459007       -0.4448208980
        0.0023858174        0.0017288532       -1.0138446937
       -0.0233894058       -0.0169837130        2.1606703423
        0.2971991562       -0.9240189461        1.5777196666
       -0.7813242206       -0.5676583177        1.5542469513
       -0.7869613858        0.5681999957        1.5777129776
        0.2981645583        0.9197617127        1.5839890348
        0.9668765331       -0.0006413428        1.5839931606
        1.2754623071       -0.9164763243        0.9756899366
        0.5954154472       -1.8034541090        0.9642636242
       -0.4767418137       -1.4657446302        0.9457439921
       -1.5290572325       -1.1109209514        0.9315932354
       -1.5413313360       -0.0004628855        0.9457374239
       -1.5311974205        1.1235773409        0.9642505035
       -0.4774854370        1.4962492145        0.9756791214
        0.5964344256        1.8194485392        0.9607468147
        1.2748640784        0.9262473539        0.9741427322
        1.9147026669        0.0050079984        0.9607549481
        1.0606314054       -1.4573907099        0.0039125206
        0.0073683133       -1.7986560402        0.0095608902
       -1.0594989196       -1.4558764583        0.0005360264
       -1.7120239570       -0.5577528105        0.0005320005
       -1.7083466640        0.5628229925        0.0095503047
       -1.0583078442        1.4590789110        0.0038994473
        0.0074327353        1.8045406402        0.0024441113
        1.0605469933        1.4633593342       -0.0003267335
        1.7194644666        0.5564372534       -0.0003226682
        1.7185169754       -0.5505647295        0.0024546683
        0.4742715743       -1.4519418252       -0.9420490640
       -0.5749479201       -1.7768180827       -0.9317383756
       -1.2323670579       -0.8953713104       -0.9406512275
       -1.8675191219        0.0022535181       -0.9317463504
       -1.2343167570        0.8997282210       -0.9420596055
       -0.5764352458        1.7788182175       -0.9382952012
        0.4738125150        1.4540968519       -0.9490554815
        1.5139655088        1.0999561193       -0.9433597825
        1.5293484515        0.0012762988       -0.9490489691
        1.5136323889       -1.0979130354       -0.9382823061
       -0.2909073660       -0.8971498576       -1.5208453211
       -0.9431290544        0.0005562662       -1.5208493452
       -0.2918799340        0.8974694028       -1.5239860682
        0.7634979805        0.5547069211       -1.5263146873
        0.7633547704       -0.5549365398       -1.5239795576
       -0.0014521370       -0.0010643841       -2.0847011615
       -0.5206954220       -1.5217060592        2.0363865805
       -1.5872414581       -1.1531894081        2.0154343234
       -1.6081408788       -0.0249658200        2.0363798712
       -0.2072012937       -2.4113916048        1.4146958693
       -1.2741277344       -2.0593288212        1.4103251535
       -2.3522712201       -0.5753916467        1.4103185016
       -2.3574044606        0.5481091059        1.4146826031
        2.0615616745       -1.4930601708        0.4520550923
        1.3713630939       -2.3968936941        0.4544734610
        0.2955794135       -2.7408949766        0.4647785719
       -0.7875065145       -2.4102378367        0.4631638137
       -1.8566504888       -2.0441595576        0.4575009256
       -2.5178497521       -1.1340968623        0.4574968462
       -2.5356272710       -0.0041560762        0.4631530283
       -2.5154089669        1.1280985387        0.4647612289
       -1.8558088378        2.0449273265        0.4544535502
       -0.7829289811        2.4220452697        0.4520375425
        0.3040053225        2.7520700512        0.4440558618
        1.3776292379        2.4044793625        0.4409790352
        2.0629867203        1.4988496111        0.4455003710
        2.7125047226        0.5671809124        0.4409872710
        2.7113150831       -0.5613075202        0.4440707142
        1.8425378258       -2.0399607009       -0.4963806014
        0.7795432729       -2.4024274496       -0.4938224045
       -0.2923678825       -2.7300253494       -0.4847457398
       -1.3700567371       -2.3829289848       -0.4884762871
       -2.0427763119       -1.4841661057       -0.4936947852
       -2.6896688616       -0.5666387475       -0.4884844288
       -2.6867529857        0.5655629576       -0.4847605125
       -2.0439500820        1.4837776862       -0.4938398247
       -1.3707403415        2.3827371939       -0.4964004264
       -0.2903217836        2.7340863914       -0.5007944730
        0.7823488563        2.4044835137       -0.5078812527
        1.8444249358        2.0417175947       -0.5065252628
        2.5117496129        1.1232239907       -0.5065211456
        2.5285609713        0.0010287728       -0.5078704790
        2.5105584679       -1.1209944784       -0.5007771923
        1.2469126915       -2.0337623075       -1.4460223192
        0.1849083750       -2.3788603331       -1.4418305278
       -0.8800899735       -2.7109066373       -1.4334607388
       -1.5458621806       -1.8140064875       -1.4402044464
       -2.2029142198       -0.9096519564       -1.4402085003
       -2.8501820697        0.0006924565       -1.4334728938
       -2.2052846597        0.9109580868       -1.4418452747
       -1.5488995495        1.8143430444       -1.4460395686
       -0.8824873420        2.7100748271       -1.4447308836
        0.1840782181        2.3775483094       -1.4543692776
        1.2474422483        2.0323712714       -1.4571110887
        2.3056527864        1.6751483201       -1.4532846689
        2.3183869977        0.5583423072       -1.4571044813
        2.3180723200       -0.5596425376       -1.4543561114
        2.3047369260       -1.6767629523       -1.4447112193
        0.4789967560       -1.4812394946       -2.0426711034
       -0.5901210405       -1.8147102545       -2.0281612746
       -1.2592086473       -0.9148777969       -2.0404355999
       -1.9082407966       -0.0004740861       -2.0281694070
       -1.2607156431        0.9132691550       -2.0426818369
       -0.5921149326        1.8119812580       -2.0353111061
        0.4783617259        1.4777842345       -2.0499092561
        1.5406428093        1.1193333936       -2.0408135509
        1.5532869678       -0.0017234075       -2.0499026241
        1.5403317023       -1.1230796835       -2.0352979495
       -0.2984394743       -0.9121781683       -2.6134299093
       -0.9597447188       -0.0019696024       -2.6134339893
       -0.2994383812        0.9074137509       -2.6168645930
        0.7704791031        0.5597741034       -2.6195011520
        0.7704813781       -0.5652044355       -2.6168579919
       -0.0048190598       -0.0035155454       -3.1886859927
