        0.0096268359        0.0069944652        0.0355451562
        0.0043184554        0.0031423874        1.0810372465
        0.3017122554       -0.8797613705        0.4968453253
       -0.7450779912       -0.5413286977        0.4817424101
       -0.7434706976        0.5588095236        0.4968388768
        0.2971051700        0.8943286372        0.5003036993
        0.9423654918        0.0062040124        0.5003076804
       -0.2787039155       -0.8741897498       -0.4422729678
       -0.9175262189        0.0050737031       -0.4422769092
       -0.2801580951        0.8810531995       -0.4447544125
        0.7515564887        0.5460357599       -0.4464543245
        0.7513596795       -0.5387091903       -0.4447480483
        0.0025772808        0.0018679597       -1.0137962866
       -0.0224976570       -0.0163358188        2.1608321230
        0.2974109404       -0.9235486250        1.5780434566
       -0.7800123158       -0.5667051638        1.5540761345
       -0.7864486403        0.5682560792        1.5780367695
        0.2988043168        0.9203662279        1.5840434483
        0.9676491572       -0.0002197014        1.5840475749
        1.2756942335       -0.9162394703        0.9758691089
        0.5950258488       -1.8031297682        0.9649396355
       -0.4767164072       -1.4651512817        0.9461790570
       -1.5252550949       -1.1081585402        0.9308053221
       -1.5407591788       -0.0006220747        0.9461724921
       -1.5310093495        1.1231065879        0.9649265185
       -0.4771885070        1.4963965987        0.9758582941
        0.5968426550        1.8199056344        0.9605484316
        1.2754181921        0.9266499399        0.9738991825
        1.9152635409        0.0052549963        0.9605565659
        1.0605730090       -1.4572416296        0.0042813981
        0.0070980101       -1.7983430590        0.0102648388
       -1.0591114151       -1.4552589143        0.0009680192
       -1.7113168940       -0.5575751009        0.0009639953
       -1.7081325325        0.5624692064        0.0102542563
       -1.0581841074        1.4589773065        0.0042683259
        0.0076070958        1.8047946723        0.0024004589
        1.0608474810        1.4636592654       -0.0006507923
        1.7198425752        0.5566303484       -0.0006467265
        1.7188124548       -0.5504774033        0.0024110166
        0.4742769639       -1.4519621851       -0.9416226522
       -0.5749528068       -1.7766525256       -0.9311512423
       -1.2322708094       -0.8953013793       -0.9400857649
       -1.8673631803        0.0021977141       -0.9311592161
       -1.2343344568        0.8997396409       -0.9416331939
       -0.5765356101        1.7788631529       -0.9381547740
        0.4738530341        1.4542220004       -0.9492480227
        1.5141186188        1.1000673584       -0.9437794045
        1.5294799968        0.0012761605       -0.9492415097
        1.5136441102       -1.0980223726       -0.9381418781
       -0.2909513535       -0.8971551188       -1.5205085089
       -0.9431476524        0.0005160594       -1.5205125328
       -0.2919964026        0.8974690949       -1.5238777843
        0.7635046440        0.5547117616       -1.5264887464
        0.7633184863       -0.5550472122       -1.5238712733
       -0.0016098678       -0.0011789817       -2.0845726682
       -0.5209113974       -1.5213444008        2.0363943836
       -1.5825216702       -1.1497602704        2.0178905936
       -1.6078636613       -0.0252829834        2.0363876774
       -0.2082541386       -2.4108725788        1.4154382075
       -1.2741389538       -2.0576245296        1.4107581036
       -2.3326617534       -1.6947717197        1.4005972753
       -2.3506538112       -0.5759289695        1.4107514618
       -2.3572361877        0.5469474073        1.4154249489
        2.0616519263       -1.4929374493        0.4521723965
        1.3709199455       -2.3966279925        0.4551607810
        0.2947798946       -2.7404865291        0.4658289168
       -0.7885233151       -2.4093619163        0.4644338394
       -1.8550099392       -2.0434163681        0.4561503974
       -2.5166359734       -1.1327662730        0.4561463154
       -2.5351084353       -0.0053937779        0.4644230634
       -2.5152675796        1.1272119399        0.4658115796
       -1.8556930839        2.0444237651        0.4551408737
       -0.7827843773        2.4220931819        0.4521548471
        0.3042185726        2.7524006148        0.4437677921
        1.3779312483        2.4048237097        0.4404462302
        2.0634020140        1.4991513370        0.4448960538
        2.7129255450        0.5673617291        0.4404544667
        2.7116953669       -0.5612068588        0.4437826456
        1.8422606026       -2.0400589677       -0.4959632345
        0.7791008959       -2.4023961349       -0.4930075829
       -0.2929394303       -2.7297246847       -0.4835643455
       -1.3699787020       -2.3826538502       -0.4878928797
       -2.0426037639       -1.4840407377       -0.4926635713
       -2.6893830814       -0.5666495495       -0.4879010201
       -2.6866436596        0.5649264797       -0.4835791140
       -2.0440570054        1.4833472887       -0.4930250010
       -1.3709194672        2.3825039074       -0.4959830589
       -0.2904321429        2.7341935530       -0.5008481362
        0.7823789294        2.4046775479       -0.5082513336
        1.8445662076        2.0419091604       -0.5071404061
        2.5119754608        1.1232991475       -0.5071362883
        2.5287548035        0.0009974120       -0.5082405589
        2.5106262820       -1.1211325514       -0.5008308545
        1.2466586169       -2.0340315940       -1.4455183291
        0.1846505131       -2.3790170462       -1.4410140916
       -0.8802520366       -2.7109247784       -1.4326314507
       -1.5460054132       -1.8139968994       -1.4393444633
       -2.2029493659       -0.9097911365       -1.4393485165
       -2.8502494068        0.0005439361       -1.4326436050
       -2.2055133899        0.9107612774       -1.4410288383
       -1.5492341718        1.8141846221       -1.4455355790
       -0.8828921227        2.7099549108       -1.4445360458
        0.1838132233        2.3775427905       -1.4545439505
        1.2473245685        2.0323900735       -1.4575729266
        2.3056156994        1.6751213718       -1.4539418989
        2.3183685165        0.5582245741       -1.4575663185
        2.3179851841       -0.5598928583       -1.4545307833
        2.3044977938       -1.6771108643       -1.4445163804
        0.4787602478       -1.4815082073       -2.0422363945
       -0.5903569760       -1.8148494926       -2.0275058155
       -1.2594032560       -0.9150191856       -2.0398213110
       -1.9084461308       -0.0006554433       -2.0275139477
       -1.2610442910        0.9131272616       -2.0422471287
       -0.5925128370        1.8118597162       -2.0351675479
        0.4781005771        1.4777001078       -2.0501022715
        1.5404879946        1.1192209123       -2.0412364883
        1.5531262600       -0.0019457793       -2.0500956389
        1.5400931493       -1.1234205537       -2.0351543903
       -0.2987512945       -0.9124297444       -2.6130345127
       -0.9600803413       -0.0021884174       -2.6130385930
       -0.2998397463        0.9072111216       -2.6167283424
        0.7701745356        0.5595528215       -2.6196402966
        0.7701646370       -0.5655235396       -2.6167217408
       -0.0052659472       -0.0038402273       -3.1884990629
