        0.0104200647        0.0075707740        0.0343079382
        0.0066219338        0.0048159542        1.0791968077
        0.3013327252       -0.8783819343        0.4981089499
       -0.7454443547       -0.5415949028        0.4758439667
       -0.7422760625        0.5580223071        0.4981025112
        0.2981560970        0.8950110559        0.4990938713
        0.9433392699        0.0069926174        0.4990978519
       -0.2777635543       -0.8740292043       -0.4435401383
       -0.9170829381        0.0059184210       -0.4435440828
       -0.2797890523        0.8814562718       -0.4450403932
        0.7521760497        0.5464858923       -0.4475519200
        0.7518570657       -0.5384827676       -0.4450340282
        0.0029628200        0.0021480666       -1.0146453557
       -0.0147987508       -0.0107422527        2.1571026561
        0.2932832598       -0.9208782657        1.5816262702
       -0.7788634518       -0.5658705309        1.5394346388
       -0.7851845163        0.5635052563        1.5816196163
        0.3002023517        0.9218721742        1.5828731516
        0.9695134188        0.0006445389        1.5828772811
        1.2750640473       -0.9147932820        0.9768896000
        0.5944087031       -1.8004170263        0.9675882527
       -0.4772092422       -1.4639343143        0.9464029078
       -1.5255289662       -1.1083575314        0.9281087661
       -1.5397540694       -0.0014668510        0.9463963522
       -1.5286200983        1.1216813797        0.9675751542
       -0.4760078427        1.4953503653        0.9768787964
        0.5978285045        1.8206262787        0.9594494114
        1.2764492149        0.9273990164        0.9727002891
        1.9162535633        0.0059698971        0.9594575457
        1.0602943011       -1.4560826754        0.0054583322
        0.0072345187       -1.7971118203        0.0112602968
       -1.0588623823       -1.4559937474       -0.0001701581
       -1.7119388017       -0.5571111874       -0.0001741874
       -1.7069193757        0.5622185660        0.0112497209
       -1.0571680070        1.4583541100        0.0054452680
        0.0082658738        1.8052366949        0.0020337576
        1.0616550670        1.4641954645       -0.0019010404
        1.7206020940        0.5572327064       -0.0018969748
        1.7194364184       -0.5499874629        0.0020443150
        0.4748655445       -1.4521537756       -0.9414833880
       -0.5744067106       -1.7767818769       -0.9311549145
       -1.2319608187       -0.8950761580       -0.9401328977
       -1.8673174477        0.0027570541       -0.9311628914
       -1.2343347894        0.9003586199       -0.9414939333
       -0.5764986368        1.7791084849       -0.9379757247
        0.4739975304        1.4544923630       -0.9500237419
        1.5144709536        1.1003233386       -0.9451189223
        1.5297817820        0.0013300335       -0.9500172280
        1.5138888594       -1.0980630195       -0.9379628276
       -0.2907909596       -0.8972161757       -1.5210393251
       -0.9431561543        0.0006874676       -1.5210433500
       -0.2921249474        0.8976611036       -1.5241598080
        0.7636536949        0.5548200492       -1.5274389292
        0.7634613761       -0.5552288012       -1.5241532953
       -0.0016822943       -0.0012316051       -2.0851227204
       -0.8280697183       -0.6016161097        2.6252124107
       -0.5242026765       -1.5143134871        2.0384826849
       -1.5826599308       -1.1498607421        2.0135493768
       -1.6021939350       -0.0305858353        2.0384760340
       -0.2086138213       -2.4064811173        1.4198600113
       -1.2738532056       -2.0555027704        1.4122583892
       -2.3328974975       -1.6949430010        1.3999007017
       -2.3485476037       -0.5763128576        1.4122517586
       -2.3531708264        0.5452483185        1.4198467800
        2.0615779136       -1.4914509272        0.4532384424
        1.3702457333       -2.3945566955        0.4576457812
        0.2942629237       -2.7380501231        0.4691801744
       -0.7882354819       -2.4085020649        0.4665029214
       -1.8547718591       -2.0439115233        0.4563466416
       -2.5170333240       -1.1323868327        0.4563425557
       -2.5342017315       -0.0053857288        0.4664921492
       -2.5131101869        1.1259674002        0.4691628537
       -1.8539315170        2.0431424999        0.4576258889
       -0.7813934864        2.4215634373        0.4532209021
        0.3052633044        2.7531140750        0.4429721178
        1.3788629575        2.4053813655        0.4390214394
        2.0643161360        1.4998154785        0.4433380532
        2.7137438271        0.5680755038        0.4390296753
        2.7126967511       -0.5604337358        0.4429869711
        1.8419724824       -2.0394543885       -0.4943944130
        0.7791177113       -2.4018820705       -0.4911353285
       -0.2925702881       -2.7289856027       -0.4816571301
       -1.3695521759       -2.3832702113       -0.4873023926
       -2.0426795651       -1.4840958090       -0.4923475478
       -2.6898374743       -0.5660534296       -0.4873105384
       -2.6858266877        0.5650491771       -0.4816718958
       -2.0435629128        1.4832044375       -0.4911527436
       -1.3704335190        2.3820430729       -0.4944142327
       -0.2903076587        2.7344774329       -0.5007505463
        0.7826959221        2.4050576211       -0.5092916388
        1.8450508818        2.0423174966       -0.5088005611
        2.5125135912        1.1236339074       -0.5087964431
        2.5292142351        0.0011814348       -0.5092808633
        2.5109347351       -1.1211018830       -0.5007332634
        1.2469717425       -2.0346064083       -1.4446088292
        0.1851505005       -2.3795499779       -1.4400290549
       -0.8796111267       -2.7112684157       -1.4316586363
       -1.5456865629       -1.8140779241       -1.4386895567
       -2.2029278976       -0.9094628500       -1.4386936117
       -2.8503781774        0.0012596732       -1.4316707954
       -2.2058657377        0.9114014844       -1.4400438068
       -1.5496840954        1.8146600550       -1.4446260838
       -0.8833829050        2.7101113570       -1.4438257771
        0.1834790730        2.3777367326       -1.4550013051
        1.2472203862        2.0325131260       -1.4588430167
        2.3056711017        1.6751616160       -1.4556966745
        2.3184533577        0.5580874581       -1.4588364075
        2.3180663778       -0.5602705882       -1.4549881353
        2.3044949199       -1.6776259664       -1.4438061088
        0.4788839013       -1.4821115192       -2.0420275284
       -0.5902018799       -1.8153068543       -2.0272774709
       -1.2595830156       -0.9151497884       -2.0397774960
       -1.9088331812       -0.0003666044       -2.0272856065
       -1.2615798646        0.9134312980       -2.0420382666
       -0.5930967964        1.8120268007       -2.0350098175
        0.4777600664        1.4777573546       -2.0508692910
        1.5403793005        1.1191419355       -2.0425465522
        1.5530754846       -0.0022873190       -2.0508626566
        1.5400716020       -1.1240275630       -2.0349966564
       -0.2989382461       -0.9128026950       -2.6132424368
       -0.9604928087       -0.0022509720       -2.6132465184
       -0.3003835670        0.9071677946       -2.6169391185
        0.7698971787        0.5593513062       -2.6204727614
        0.7699553816       -0.5660273564       -2.6169325148
       -0.0056892814       -0.0041477990       -3.1888099510
