        0.0058579681        0.0176958052        0.0301598831
        0.0051397862        0.0152674242        1.0748517685
        0.2889003423       -0.8712241349        0.4802586189
       -0.7456129649       -0.5350426708        0.4803288864
       -0.7470097120        0.5644515711        0.4950918433
        0.2950198439        0.9074210598        0.4950920598
        0.9363727922        0.0174097969        0.4949775024
       -0.2818557495       -0.8675705040       -0.4472377132
       -0.9200080901        0.0098615605       -0.4448290686
       -0.2822425082        0.8910562503       -0.4464113768
        0.7522707990        0.5548747862       -0.4464816443
        0.7501901829       -0.5328957892       -0.4449425139
        0.0024822852        0.0075266427       -1.0159133836
       -0.0060926379       -0.0195233833        2.1554713359
        0.2952721439       -0.9085170445        1.5530305300
       -0.7725584750       -0.5615085929        1.5531030605
       -0.7837759571        0.5715362637        1.5785179732
        0.3019538393        0.9285319456        1.5798330475
        0.9704133835        0.0014846879        1.5783988230
        1.2474693615       -0.9039443849        0.9473907432
        0.5793547097       -1.7877708345        0.9347702068
       -0.4743677060       -1.4602688594        0.9477195970
       -1.5193198870       -1.1057733254        0.9349127556
       -1.5402418632        0.0019664764        0.9475800937
       -1.5355866602        1.1254217787        0.9640428154
       -0.4822543348        1.4995187323        0.9754751517
        0.5988153591        1.8421806364        0.9456561908
        1.2719350058        0.9294671565        0.9753560015
        1.9041317618        0.0076308645        0.9638091785
        1.0567006913       -1.4560117943        0.0018142582
        0.0013376712       -1.7958655300        0.0029253223
       -1.0565956189       -1.4520733719        0.0029971806
       -1.7105666528       -0.5567444953        0.0020022200
       -1.7120572894        0.5623458271        0.0093273268
       -1.0663135767        1.4605588582       -0.0002758143
        0.0023022108        1.8232528268        0.0033827761
        1.0701328298        1.4762443751        0.0033102455
        1.7213976480        0.5546479968       -0.0004651647
        1.7157677907       -0.5515801575        0.0090944977
        0.4730185485       -1.4487769411       -0.9405621869
       -0.5764504236       -1.7740095993       -0.9323609227
       -1.2342492735       -0.8939732550       -0.9404462237
       -1.8692234855        0.0015191747       -0.9322746416
       -1.2368186546        0.9012930196       -0.9454931117
       -0.5806332134        1.7831895621       -0.9424592745
        0.4742249682        1.4591813769       -0.9494644204
        1.5180413833        1.1011920529       -0.9426018233
        1.5304486895        0.0020257206       -0.9456810735
        1.5131110201       -1.0976239281       -0.9325043808
       -0.2907402220       -0.8946855448       -1.5221422611
       -0.9433833280        0.0012146129       -1.5221777067
       -0.2921429673        0.9006556077       -1.5259070500
        0.7657903229        0.5568634496       -1.5259789083
        0.7638844941       -0.5535890732       -1.5222936699
        0.0000465994        0.0002549676       -2.0853541599
        1.2824952173       -0.9614891576        2.0377503306
        0.5905534136       -1.8487570040        2.0231780481
       -0.4913640984       -1.5127990062        2.0387995994
       -1.5640964331       -1.1485694519        2.0233243990
       -1.6022705369       -0.0240388916        2.0379462733
        0.8802661698       -2.7345604683        1.4104126492
        2.2284120695       -0.9447279216        1.4176770632
        1.5574913244       -1.8453686288        1.4166364240
       -0.1890157753       -2.4005855134        1.4220583517
       -1.2579177172       -2.0532289184        1.4221309550
       -2.3192620576       -1.6948231574        1.4106299716
       -2.3444008652       -0.5773870377        1.4169014533
       -2.3577099962        0.5456049916        1.4179885676
        2.0460450714       -1.4976819082        0.4672672846
        1.3641425594       -2.3945981820        0.4621441805
        0.2923858906       -2.7378236039        0.4651303279
       -0.7817491423       -2.4060581306        0.4729005782
       -1.8457201492       -2.0430122236        0.4652755551
       -2.5109712947       -1.1353186346        0.4624073909
       -2.5353532399       -0.0088840537        0.4675784682
       -2.5216376452        1.1216570350        0.4652236633
       -1.8720145401        2.0404127763        0.4465983370
       -0.8073371444        2.4224995898        0.4480806037
        2.0774286098        1.4850493238        0.4478846610
        2.7141075255        0.5500798631        0.4462868326
        2.6995409922       -0.5750475572        0.4648690238
        1.8395954773       -2.0419310800       -0.4856063571
        0.7771611944       -2.4014095224       -0.4883571544
       -0.2945786233       -2.7295454857       -0.4819984038
       -1.3661347347       -2.3813263763       -0.4819256202
       -2.0402430424       -1.4858494471       -0.4881657871
       -2.6883975889       -0.5704881048       -0.4852988010
       -2.6906366308        0.5596379145       -0.4841297137
       -2.0519579795        1.4788445002       -0.4992113745
       -1.3832070497        2.3808452872       -0.5054848292
       -0.3001875312        2.7413184239       -0.5044916314
        0.7834893066        2.4107723810       -0.5109054219
        1.8544623155        2.0411308718       -0.5046379823
        2.5186851400        1.1128636961       -0.5057498584
        2.5294403319       -0.0099533544       -0.4995225580
        2.5057546209       -1.1290116246       -0.4844826696
        1.2464231364       -2.0340255142       -1.4383711638
        0.1844351539       -2.3777020116       -1.4373768813
       -0.8806967384       -2.7101464615       -1.4304614778
       -1.5469267590       -1.8150685696       -1.4372592815
       -2.2040099398       -0.9127527037       -1.4381367992
       -2.8517138542       -0.0045788945       -1.4329040834
       -2.2083577507        0.9069135842       -1.4453778037
       -1.5532724931        1.8121572091       -1.4529888685
       -0.8880007271        2.7101193889       -1.4518906812
        0.1822864438        2.3792366621       -1.4582753463
        1.2511883858        2.0318800671       -1.4583479496
        2.3115275004        1.6703820780       -1.4521080036
        2.3218413610        0.5528776617       -1.4532520789
        2.3196353155       -0.5645293911       -1.4456853598
        2.3042679519       -1.6800967449       -1.4332542945
        0.4800093265       -1.4816051936       -2.0399388075
       -0.5897534387       -1.8147174402       -2.0270994750
       -1.2593378488       -0.9163768142       -2.0398206653
       -1.9086971965       -0.0038790832       -2.0287618713
       -1.2612418133        0.9116551765       -2.0461671521
       -0.5930987973        1.8121363572       -2.0399653910
        0.4803543198        1.4782732068       -2.0513045751
        1.5450072424        1.1173249768       -2.0401106181
        1.5561624235       -0.0039048988       -2.0463585194
        1.5417358796       -1.1251518938       -2.0289962360
       -0.2966844674       -0.9127493975       -2.6132370064
       -0.9584001639       -0.0037810129       -2.6143116460
       -0.2976990571        0.9069604471       -2.6187954762
        0.7738570543        0.5587413378       -2.6188682598
        0.7729617490       -0.5664144549       -2.6144292457
       -0.0016625261       -0.0047738513       -3.1885286690
