        0.0061219601        0.0140263651        0.0260852206
        0.0050768173        0.0164532239        1.0699714494
        0.2881098179       -0.8739462832        0.4745268315
       -0.7449405131       -0.5385757267        0.4743782670
       -0.7444520520        0.5603599518        0.4932690594
        0.2980704628        0.9001461492        0.4922293117
        0.9351970031        0.0160341618        0.4948023096
       -0.2820076316       -0.8702408402       -0.4512866619
       -0.9202817847        0.0077715146       -0.4468220378
       -0.2830600422        0.8865187655       -0.4489771755
        0.7508944187        0.5504167710       -0.4511780596
        0.7509139783       -0.5349362897       -0.4471339801
        0.0019259936        0.0050182137       -1.0191545883
       -0.0029121396       -0.0032134151        2.1455084199
        0.2880706794       -0.9076369814        1.5399062814
       -0.7660784977       -0.5642254237        1.5402168749
       -0.7821824954        0.5739727784        1.5790696400
        0.3034665300        0.9274578610        1.5786126255
        0.9664198886       -0.0011909020        1.5802660375
        1.2425604605       -0.9034933667        0.9511180628
        0.5771638495       -1.7888199800        0.9336945125
       -0.4750297038       -1.4637934366        0.9440952039
       -1.5171218294       -1.1079865726        0.9340896525
       -1.5341136566       -0.0013168674        0.9515259627
       -1.5306661760        1.1168335698        0.9606616797
       -0.4694742662        1.4920447585        0.9676817592
        0.5963040021        1.8254823301        0.9562515208
        1.2721951763        0.9316096986        0.9742486025
        1.8992147408        0.0099605022        0.9676183510
        1.0577923017       -1.4565615414        0.0023275718
        0.0011816752       -1.7982954506        0.0002382744
       -1.0571010434       -1.4544413204        0.0003460903
       -1.7106906620       -0.5567771282        0.0030516269
       -1.7092169538        0.5616117794        0.0112660403
       -1.0602477393        1.4620133060        0.0063393543
        0.0065160420        1.8097773481       -0.0020050843
        1.0613978076        1.4680385592       -0.0038594210
        1.7171279449        0.5589377584        0.0015412831
        1.7143404488       -0.5499430497        0.0116869563
        0.4741923550       -1.4502458899       -0.9418954686
       -0.5767238958       -1.7757859972       -0.9348784616
       -1.2354362177       -0.8948383573       -0.9413349457
       -1.8699976345        0.0023141938       -0.9304807939
       -1.2370228138        0.9019155311       -0.9428079392
       -0.5794005686        1.7819913270       -0.9404036552
        0.4733539665        1.4571511295       -0.9523543897
        1.5160234424        1.1014158308       -0.9437189663
        1.5316458455        0.0020777621       -0.9450716944
        1.5150118039       -1.0974851248       -0.9313753181
       -0.2911656228       -0.8961647877       -1.5248434571
       -0.9446436905        0.0012152415       -1.5228247365
       -0.2929578743        0.8997132522       -1.5268970587
        0.7655014571        0.5557242827       -1.5284976630
        0.7649189380       -0.5543225265       -1.5234398336
       -0.0005562532       -0.0003917230       -2.0872039243
        0.2824657887       -0.9579291762        2.6248883182
       -0.7915714876       -0.6099764943        2.6259441835
        1.2612230948       -0.9612973289        2.0465994634
        0.5814450009       -1.8487286266        2.0210283763
       -0.4917286181       -1.5136393872        2.0349146804
       -1.5564792628       -1.1526731232        2.0214133197
       -1.5819897211       -0.0334063258        2.0470597772
        2.2173421070       -0.9395574069        1.4290674036
        1.5507242554       -1.8418420296        1.4239496898
        0.8781063252       -2.7340213765        1.4121761178
       -0.1909122053       -2.4024693236        1.4211167772
       -1.2570781679       -2.0557003344        1.4214975730
       -2.3165538398       -1.6948892836        1.4130575747
       -2.3349469939       -0.5772663446        1.4255540767
       -2.3429326860        0.5450098510        1.4310575223
       -1.2771941399        2.0933473014        1.3972863485
        2.0444052171       -1.4940229702        0.4745778528
        1.3650440093       -2.3931384200        0.4659070376
        0.2926976708       -2.7389872864        0.4645796460
       -0.7823494587       -2.4086456250        0.4707608239
       -1.8461676284       -2.0436021804        0.4651895277
       -2.5100019413       -1.1329408640        0.4673606683
       -2.5302469585       -0.0064393225        0.4765387378
       -2.5153789519        1.1237558493        0.4742772019
       -1.8623576431        2.0427919017        0.4521716491
       -0.7838387292        2.4235278913        0.4506955576
        0.3010285292        2.7566511361        0.4413070995
        1.3768824637        2.4099111202        0.4371967858
        2.0615153040        1.5016267681        0.4470529288
        2.7041642119        0.5620968155        0.4543282129
        2.6956523504       -0.5689682815        0.4731651902
        1.8424032523       -2.0402779321       -0.4815071960
        0.7794493165       -2.4022179494       -0.4878618872
       -0.2940384593       -2.7312624547       -0.4839768044
       -1.3672494653       -2.3824898857       -0.4837025061
       -2.0421669527       -1.4851298170       -0.4868734508
       -2.6889851327       -0.5673508303       -0.4797932109
       -2.6883189579        0.5623825409       -0.4767497819
       -2.0469305299        1.4814883450       -0.4911060200
       -1.3738813807        2.3831161568       -0.4955256585
       -0.2931539234        2.7377149427       -0.5034751726
        0.7818864662        2.4084310127       -0.5113690259
        1.8464352508        2.0436829599       -0.5074935303
        2.5126314401        1.1204564166       -0.5000989404
        2.5281002913       -0.0042526885       -0.4927469411
        2.5060071872       -1.1250886686       -0.4782466623
        1.2493793155       -2.0339384187       -1.4371742352
        0.1858264444       -2.3785064599       -1.4384211245
       -0.8808117570       -2.7107252573       -1.4324165122
       -1.5483920449       -1.8149987448       -1.4377940729
       -2.2062149815       -0.9111316244       -1.4359252571
       -2.8529217132       -0.0010990933       -1.4271436063
       -2.2090271266        0.9100545677       -1.4393575416
       -1.5529021184        1.8150199000       -1.4460443903
       -0.8862330397        2.7110189968       -1.4463089166
        0.1825397931        2.3789918785       -1.4572775064
        1.2491420882        2.0326434885       -1.4589050813
        2.3095211574        1.6727913196       -1.4504718710
        2.3228212029        0.5555517050       -1.4493432142
        2.3224733564       -0.5622832459       -1.4413740818
        2.3075694104       -1.6778538769       -1.4287945460
        0.4813605538       -1.4823064747       -2.0411585983
       -0.5901429810       -1.8155200443       -2.0292183828
       -1.2611217088       -0.9160775624       -2.0404941247
       -1.9109586247       -0.0017260452       -2.0264760615
       -1.2633238024        0.9135917391       -2.0435193300
       -0.5941921488        1.8128961662       -2.0373954315
        0.4794855725        1.4781882014       -2.0526691940
        1.5450251917        1.1178863508       -2.0402514005
        1.5583243628       -0.0033496132       -2.0456229900
        1.5445472273       -1.1244744026       -2.0275808475
       -0.2972540221       -0.9130395506       -2.6150320049
       -0.9602008477       -0.0027303508       -2.6141074323
       -0.2993937181        0.9074323002       -2.6188318338
        0.7739279149        0.5586444899       -2.6201417119
        0.7739325253       -0.5663001708       -2.6148211618
       -0.0025592104       -0.0044412033       -3.1891076096
