        0.0110315435        0.0080149656        0.0178474740
        0.0155238444        0.0112834822        1.0594204153
        0.2913897188       -0.8782928758        0.4714788847
       -0.7420130665       -0.5391019416        0.4723406649
       -0.7452638071        0.5485382692        0.4714724888
        0.3013980521        0.8911171187        0.4876590682
        0.9406377835        0.0112791255        0.4876630122
       -0.2808289708       -0.8740846898       -0.4543814564
       -0.9180829274        0.0030201190       -0.4543853881
       -0.2796276474        0.8839793778       -0.4524510895
        0.7549912299        0.5485312038       -0.4557451086
        0.7543065906       -0.5391089885       -0.4524447105
        0.0041571792        0.0030157757       -1.0243666479
        0.0092809136        0.0067525409        2.1332245855
        0.2914953369       -0.9055409815        1.5382952223
       -0.7623888775       -0.5539010506        1.5396843371
       -0.7711502059        0.5570651050        1.5382886661
        0.3012361021        0.9251747736        1.5742836545
        0.9729738605        0.0006070843        1.5742877990
        1.2455359790       -0.9055454745        0.9486599602
        0.5793281004       -1.7934298481        0.9373754274
       -0.4737440662       -1.4597517335        0.9475480932
       -1.5153266618       -1.1009450794        0.9378806800
       -1.5347054054        0.0005362455        0.9475415474
       -1.5266349304        1.1051795402        0.9373624342
       -0.4763372092        1.4644096081        0.9486493367
        0.5947386771        1.8086130064        0.9622825751
        1.2733815012        0.9251701953        0.9734589287
        1.9038734411        0.0067436184        0.9622906522
        1.0593691420       -1.4597589537        0.0000228322
        0.0008448404       -1.8005048404        0.0013789828
       -1.0569167647       -1.4535234157        0.0020267846
       -1.7089881571       -0.5560241567        0.0020227615
       -1.7121208065        0.5571900637        0.0013684143
       -1.0609502221        1.4586102318        0.0000097504
        0.0041147853        1.8051634844        0.0066423385
        1.0615337267        1.4644023656       -0.0018163903
        1.7207613721        0.5570533695       -0.0018123231
        1.7180840146       -0.5539127323        0.0066529132
        0.4744637827       -1.4535306277       -0.9444276228
       -0.5776446139       -1.7783267647       -0.9346277072
       -1.2357859359       -0.8978552835       -0.9434920383
       -1.8697872756        0.0001550013       -0.9346356794
       -1.2357683923        0.9004019750       -0.9444381745
       -0.5784381299        1.7825121251       -0.9359387641
        0.4744833180        1.4586030008       -0.9489495685
        1.5211351931        1.1051651869       -0.9462813609
        1.5338413429        0.0005217944       -0.9489430326
        1.5165265686       -1.1009593578       -0.9359258387
       -0.2912425058       -0.8978597318       -1.5272576438
       -0.9439077214        0.0004568549       -1.5272616705
       -0.2920843489        0.9003975308       -1.5276726445
        0.7668996914        0.5571783888       -1.5307653720
        0.7660764336       -0.5560358128       -1.5276661160
        0.0002141166        0.0001461946       -2.0903713080
        0.2823096562       -0.9414490952        2.6239090541
       -0.7883050465       -0.5727253895        2.6239940711
       -0.8081440111        0.5594315905        2.6239023263
        1.2641615336       -0.9565187204        2.0454420749
        0.5811355549       -1.8431034140        2.0252799833
       -0.4935260144       -1.4966432958        2.0416850067
       -1.5540099172       -1.1290452267        2.0273006510
       -1.5759089886       -0.0068709661        2.0416783287
       -1.5733234030        1.1222548904        2.0252666909
       -0.5190647103        1.4978815974        2.0454310729
        2.2206503659       -0.9414582237        1.4259369950
        1.5515750941       -1.8431079843        1.4255095471
       -0.1930311382       -2.3955741441        1.4297691868
       -1.2573315999       -2.0436304064        1.4311726996
       -2.3321509384       -0.5642685279        1.4311660682
       -2.3379824071        0.5566979492        1.4297559530
       -1.2734428989        2.0451956359        1.4254921175
       -0.2091673972        2.4028989549        1.4259220037
        2.0468455440       -1.4966552596        0.4716338120
        1.3651398330       -2.3955814822        0.4667572263
        0.2916015189       -2.7399081417        0.4718357665
       -0.7844680053       -2.4051919189        0.4773848155
       -1.8463581039       -2.0373143060        0.4725966914
       -2.5081590737       -1.1264234328        0.4725926082
       -2.5298894277       -0.0028254730        0.4773740467
       -2.5156996981        1.1240104288        0.4718184463
       -1.8564839958        2.0386032300        0.4667373498
       -0.7908957314        2.4091604562        0.4716163040
        0.2894838430        2.7443801494        0.4683675380
        1.3689477263        2.4028915228        0.4505837596
        2.0616376051        1.4978694438        0.4504538579
        2.7083118220        0.5594150299        0.4505920232
        2.6995140644       -0.5727418152        0.4683824073
        1.8423589553       -2.0436450042       -0.4845599983
        0.7777916136       -2.4051992762       -0.4881540927
       -0.2965106930       -2.7326522909       -0.4797406077
       -1.3688941865       -2.3815051422       -0.4789280098
       -2.0430199105       -1.4843430478       -0.4841878306
       -2.6879554997       -0.5659730316       -0.4789361481
       -2.6905315756        0.5624347095       -0.4797553782
       -2.0471275624        1.4829683340       -0.4881715217
       -1.3742996465        2.3837056596       -0.4845798442
       -0.2987141962        2.7343722103       -0.4833475746
        0.7755394067        2.4091530791       -0.4965032421
        1.8445110007        2.0451809521       -0.5015280575
        2.5150700358        1.1222356363       -0.5015239203
        2.5308977079       -0.0068903069       -0.4964924120
        2.5082368255       -1.1290643576       -0.4833302565
        1.2483949236       -2.0373288806       -1.4400844170
        0.1837946702       -2.3815124545       -1.4385518043
       -0.8832515481       -2.7125979245       -1.4290981990
       -1.5503057433       -1.8172385872       -1.4368045037
       -2.2073612801       -0.9128792420       -1.4368085575
       -2.8527675783       -0.0017917176       -1.4291103504
       -2.2081511448        0.9107184604       -1.4385665619
       -1.5518335526        1.8168548974       -1.4401016936
       -0.8860223443        2.7137953020       -1.4336227469
        0.1811893246        2.3836983341       -1.4459342214
        1.2477102840        2.0385886110       -1.4517788300
        2.3243828439        0.5566759921       -1.4517721872
        2.3230285880       -0.5642904512       -1.4459210069
        2.3071828848       -1.6812745641       -1.4336030457
        0.4805691960       -1.4843549325       -2.0438667989
       -0.5918276748       -1.8172431011       -2.0291822727
       -1.2622641751       -0.9170977764       -2.0423612454
       -1.9111770514       -0.0013145052       -2.0291904128
       -1.2631926849        0.9157273505       -2.0438775574
       -0.5940687704        1.8168503869       -2.0320386232
        0.4788632486        1.4829564380       -2.0493348394
        1.5470538507        1.1239912955       -2.0391256877
        1.5583610022       -0.0028447264       -2.0493281792
        1.5443587360       -1.1264425179       -2.0320254297
       -0.2979860661       -0.9128882341       -2.6168787822
       -0.9602799059       -0.0013189834       -2.6168828684
       -0.2991928189        0.9107094702       -2.6183791331
        0.7741186648        0.5624183929       -2.6210477537
        0.7736916828       -0.5659893340       -2.6183725137
       -0.0024648774       -0.0018051409       -3.1907113830
       -2.3140546931       -1.6812528006        1.4225065481
