       -0.0000000022        0.0000000031        0.0010471194
       -0.0000021869        0.0000030619        1.0375159211
        0.2866329924       -0.8821672571        0.4641168431
       -0.7504184311       -0.5452088335        0.4641136628
       -0.7504184405        0.5452115599        0.4641104448
        0.2866329772        0.8821700014        0.4641116363
        0.9275660108        0.0000013777        0.4641155906
       -0.2865893904       -0.8820358462       -0.4631640078
       -0.9274249566       -0.0000013749       -0.4631679616
       -0.2865894056        0.8820331075       -0.4631692139
        0.7503043123        0.5451259255       -0.4631660340
        0.7503043216       -0.5451286463       -0.4631628165
        0.0000021810       -0.0000030537       -1.0347559916
       -0.0000044347        0.0000062092        2.1039668456
        0.2930236332       -0.9018394109        1.5343967342
       -0.7671575073       -0.5573656868        1.5343934829
       -0.7671575169        0.5573747301        1.5343901932
        0.2930236176        0.9018484724        1.5343914112
        0.9482516026        0.0000045364        1.5343954538
        1.2412537692       -0.9018222887        0.9482326537
        0.5814640874       -1.7895657234        0.9407882421
       -0.4741194977       -1.4591808659        0.9482306829
       -1.5222998687       -1.1060113979        0.9407817905
       -1.5342784956        0.0000027852        0.9482241420
       -1.5222998877        1.1060169245        0.9407752624
       -0.4741195228        1.4591864545        0.9482220703
        0.5814640566        1.7895712863        0.9407776794
        1.2412537536        0.9018279069        0.9482273308
        1.8816616976        0.0000027926        0.9407857013
        1.0600276754       -1.4590898400       -0.0000138589
        0.0000511170       -1.8034971115       -0.0000150767
       -1.0601103339       -1.4590297850       -0.0000183279
       -1.7152118839       -0.5573598719       -0.0000223697
       -1.7152118935        0.5573598422       -0.0000256594
       -1.0601103591        1.4590297666       -0.0000269396
        0.0000510859        1.8034971114       -0.0000257216
        1.0600276502        1.4590898582       -0.0000224710
        1.7152434664        0.5572626711       -0.0000184285
        1.7152434760       -0.5572626417       -0.0000151393
        0.4739799683       -1.4587569495       -0.9482934246
       -0.5813248570       -1.7891428751       -0.9409102561
       -1.2408883946       -0.9015624583       -0.9482986835
       -1.8812112387       -0.0000027930       -0.9409182761
       -1.2408884101        0.9015568397       -0.9483040049
       -0.5813248878        1.7891373115       -0.9409208162
        0.4739799432        1.4587513605       -0.9483020347
        1.5219354403        1.1057466246       -0.9409143662
        1.5338268872       -0.0000027854       -0.9482954957
        1.5219354594       -1.1057521520       -0.9409078397
       -0.2929191342       -0.9015268974       -1.5335437732
       -0.9479134831       -0.0000045339       -1.5335478143
       -0.2929191497        0.9015178408       -1.5335490943
        0.7668839596        0.5571669466       -1.5335458442
        0.7668839692       -0.5571759849       -1.5335425556
        0.0000044195       -0.0000061879       -2.0967625022
        0.2971065051       -0.9144090499        2.6237265771
       -0.7778549116       -0.5651329231        2.6237232806
       -0.7778549213        0.5651483958        2.6237199449
        0.2971064893        0.9144245411        2.6237211799
        0.9614691874        0.0000077513        2.6237252789
        1.2653640497       -0.9193378722        2.0472708671
        0.5923214710       -1.8229851758        2.0331779289
       -0.4833320064       -1.4875236802        2.0472688580
       -1.5507331977       -1.1266645243        2.0331713568
       -1.5640856210        0.0000060283        2.0472621901
       -1.5507332171        1.1266764980        2.0331647068
       -0.4833320321        1.4875357555        2.0472600781
        0.5923214396        1.8229971865        2.0331671690
        1.2653640339        0.9193499777        2.0472654408
        1.9168020766        0.0000060168        2.0331753406
        2.2138746364       -0.9143636933        1.4388718084
        1.5537384091       -1.8229632781        1.4388730984
       -0.1854927968       -2.3880737697        1.4388711002
       -1.2536156655       -2.0410196219        1.4388678246
       -2.3285196808       -0.5615411958        1.4388611927
       -2.3285196905        0.5615496483        1.4388578783
       -1.2536157006        2.0410280929        1.4388557778
       -0.1854928379        2.3880822592        1.4388570049
        1.5537383777        1.8229717975        1.4388623386
        2.2138746207        0.9143722241        1.4388664114
        2.0472351147       -1.4874026629        0.4830213645
        1.3700264726       -2.3879623447        0.4773283179
        0.2952334053       -2.7371837919        0.4773270830
       -0.7819756122       -2.4066689798        0.4830181141
       -1.8477277208       -2.0408935342        0.4773205113
       -2.5119863770       -1.1266199459        0.4773164130
       -2.5305240283        0.0000014036        0.4830073260
       -2.5119863964        1.1266227199        0.4773097633
       -1.8477277559        2.0408963197        0.4773084652
       -0.7819756536        2.4066718172        0.4830039091
        0.2952333581        2.7371866143        0.4773109272
        1.3700264315        2.3879651857        0.4773142233
        2.0472350890        1.4874055491        0.4830125854
        2.6944492560        0.5650535880        0.4773223946
        2.6944492657       -0.5650507243        0.4773257297
        1.8474923651       -2.0407567462       -0.4781199616
        0.7818931980       -2.4064180422       -0.4837863282
       -0.2951249606       -2.7369353372       -0.4781224232
       -1.3699664255       -2.3876981852       -0.4781257194
       -2.0470192115       -1.4872487084       -0.4837950036
       -2.6941767771       -0.5650790314       -0.4781338894
       -2.6941767868        0.5650761629       -0.4781372247
       -2.0470192371        1.4872458176       -0.4838037818
       -1.3699664667        2.3876953395       -0.4781398124
       -0.2951250077        2.7369325101       -0.4781385775
        0.7818931566        2.4064152002       -0.4838005317
        1.8474923300        2.0407539560       -0.4781320068
        2.5117808939        1.1264392032       -0.4781279083
        2.5302571927       -0.0000014060       -0.4837897448
        2.5117809133       -1.1264419820       -0.4781212597
        1.2531915750       -2.0402881734       -1.4397135753
        0.1854010507       -2.3872343563       -1.4397148021
       -1.5531657308       -1.8223397824       -1.4397201337
       -2.2130965773       -0.9140229129       -1.4397242053
       -2.2130965930        0.9140143770       -1.4397296001
       -1.5531657621        1.8223312579       -1.4397308897
        0.1854010096        2.3872258618       -1.4397288923
        1.2531915398        2.0402796972       -1.4397256178
        2.3276849123        0.5613664726       -1.4397189884
        2.3276849219       -0.5613749302       -1.4397156750
        0.4828764711       -1.4861336809       -2.0478631195
       -0.5920149926       -1.8220540440       -2.0336364347
       -1.2641713551       -0.9184834485       -2.0478684772
       -1.9158103955       -0.0000060181       -2.0336446021
       -1.2641713709        0.9184713395       -2.0478738983
       -0.5920150240        1.8220420305       -2.0336471890
        0.4828764455        1.4861216020       -2.0478718912
        1.5499309125        1.1260816279       -2.0336406203
        1.5626113918       -0.0000060301       -2.0478652295
        1.5499309319       -1.1260936044       -2.0336339738
       -0.2968217755       -0.9135482669       -2.6221293247
       -0.9605478265       -0.0000077466       -2.6221334197
       -0.2968217912        0.9135327851       -2.6221347167
        0.7771095089        0.5645913635       -2.6221314233
        0.7771095187       -0.5646068268       -2.6221280909
        0.0000067336       -0.0000094280       -3.1946564430
