       -0.0009482625        0.0000000088        0.0029815662
       -0.0003122498        0.0000030655        1.0387511683
        0.2863456828       -0.8822130040        0.4651355186
       -0.7510774587       -0.5453276649        0.4650990657
       -0.7510774680        0.5453303972        0.4650958470
        0.2863456676        0.8822157543        0.4651303115
        0.9271879872        0.0000013805        0.4650828810
       -0.2866250706       -0.8805899609       -0.4617239180
       -0.9278638128       -0.0000013727       -0.4624401963
       -0.2866250858        0.8805872307       -0.4617291156
        0.7486687143        0.5441547746       -0.4615537565
        0.7486687236       -0.5441574859       -0.4615505447
       -0.0005209103       -0.0000030506       -1.0336768907
        0.0000224827        0.0000062115        2.1047439919
        0.2930956226       -0.9020822418        1.5347972129
       -0.7674153513       -0.5576170345        1.5349099049
       -0.7674153609        0.5576260808        1.5349066136
        0.2930956070        0.9020913058        1.5347918885
        0.9483930427        0.0000045374        1.5347318285
        1.2414561576       -0.9020307451        0.9479786743
        0.5816429278       -1.7899827709        0.9405202298
       -0.4742857435       -1.4596527423        0.9481408553
       -1.5227491654       -1.1065565977        0.9408469448
       -1.5348164284        0.0000027858        0.9484499583
       -1.5227491845        1.1065621246        0.9408404135
       -0.4742857686        1.4596583304        0.9481322400
        0.5816428969        1.7899883322        0.9405096647
        1.2414561421        0.9020363617        0.9479733502
        1.8819049080        0.0000027916        0.9404237625
        1.0594684951       -1.4588122895        0.0000455373
        0.0004003358       -1.8030892986       -0.0000073562
       -1.0600338029       -1.4588507951        0.0001708585
       -1.7153820537       -0.5576734395       -0.0000664925
       -1.7153820633        0.5576734096       -0.0000697841
       -1.0600338280        1.4588507778        0.0001622479
        0.0004003047        1.8030892985       -0.0000179986
        1.0594684700        1.4588123080        0.0000369269
        1.7146898533        0.5567898233        0.0000093546
        1.7146898629       -0.5567897937        0.0000126410
        0.4736680248       -1.4578195993       -0.9477285479
       -0.5792040681       -1.7834404286       -0.9380144196
       -1.2405988719       -0.9011885859       -0.9481068238
       -1.8811604779       -0.0000027935       -0.9410964728
       -1.2405988874        0.9011829684       -0.9481121429
       -0.5792040989        1.7834348821       -0.9380249461
        0.4736679996        1.4578140136       -0.9477371524
        1.5167930866        1.1019730285       -0.9379011713
        1.5326980246       -0.0000027836       -0.9476830940
        1.5167931056       -1.1019785382       -0.9378946671
       -0.2925121971       -0.9011207480       -1.5328685869
       -0.9477747931       -0.0000045328       -1.5331566653
       -0.2925122126        0.9011116954       -1.5328739056
        0.7663834564        0.5567452405       -1.5326860999
        0.7663834660       -0.5567542737       -1.5326828137
        0.0002246137       -0.0000061857       -2.0960232828
        0.2974291752       -0.9148106361        2.6237636409
       -0.7779479025       -0.5654429352        2.6239358114
       -0.7779479122        0.5654584091        2.6239324739
        0.2974291594        0.9148261276        2.6237582413
        0.9619860278        0.0000077513        2.6236991272
        1.2659146951       -0.9196575198        2.0468612525
        0.5926708626       -1.8234485613        2.0326954609
       -0.4833076180       -1.4881755692        2.0470713002
       -1.5508856906       -1.1271787751        2.0330929182
       -1.5644300867        0.0000060288        2.0474186066
       -1.5508857100        1.1271907484        2.0330862652
       -0.4833076436        1.4881876433        2.0470625165
        0.5926708312        1.8234605691        2.0326846983
        1.2659146793        0.9196696229        2.0468558243
        1.9173035745        0.0000060150        2.0325661505
        2.2143589369       -0.9146539717        1.4374984799
        1.5543155212       -1.8232872809        1.4375461820
       -0.1853927812       -2.3887551905        1.4377216304
       -1.2535403493       -2.0418655110        1.4379462283
       -2.3289188687       -0.5617264340        1.4385055185
       -2.3289188784        0.5617348844        1.4385022030
       -1.2535403844        2.0418739767        1.4379341765
       -0.1853928224        2.3887636732        1.4377075312
        1.5543154898        1.8232957926        1.4375354203
        2.2143589211        0.9146624945        1.4374930813
        2.0473171703       -1.4873657414        0.4809601519
        1.3701385191       -2.3879288471        0.4757128423
        0.2956506303       -2.7372447219        0.4757439210
       -0.7815929355       -2.4070891859        0.4811903245
       -1.8473463496       -2.0415637155        0.4762121900
       -2.5119221491       -1.1272700086        0.4764699204
       -2.5307251784        0.0000014019        0.4824164706
       -2.5119221685        1.1272727776        0.4764632668
       -1.8473463848        2.0415664944        0.4762001400
       -0.7815929769        2.4070920125        0.4811761170
        0.2956505832        2.7372475349        0.4757277648
        1.3701384780        2.3879316785        0.4756987479
        2.0473171447        1.4873686155        0.4809513729
        2.6943759151        0.5649217378        0.4756680464
        2.6943759248       -0.5649188839        0.4756713808
        1.8460289643       -2.0393937375       -0.4787029492
        0.7819214036       -2.4056733589       -0.4853556586
       -0.2940661143       -2.7352441909       -0.4787130221
       -1.3686295543       -2.3865651553       -0.4785511640
       -2.0460099990       -1.4881101513       -0.4848287635
       -2.6938010670       -0.5655349567       -0.4788486034
       -2.6938010767        0.5655320839       -0.4788519414
       -2.0460100246        1.4881072545       -0.4848375468
       -1.3686295954        2.3865623071       -0.4785652503
       -0.2940661614        2.7352413603       -0.4787291665
        0.7819213622        2.4056705075       -0.4853698577
        1.8460289292        2.0393909438       -0.4787149864
        2.5100782480        1.1252197715       -0.4787148411
        2.5293992093       -0.0000014106       -0.4853573380
        2.5100782674       -1.1252225538       -0.4787081997
        1.2520289515       -2.0387213865       -1.4391956213
        0.1861329978       -2.3853511916       -1.4392248866
       -0.8818850965       -2.7168142756       -1.4298995834
       -1.5515976200       -1.8212814474       -1.4394038241
       -2.2122024312       -0.9144485476       -1.4402301805
       -2.2122024470        0.9144400087       -1.4402355778
       -1.5515976513        1.8212729247       -1.4394145739
       -0.8818851433        2.7168058206       -1.4299156189
        0.1861329567        2.3853427000       -1.4392389657
        1.2520289164        2.0387129134       -1.4392076545
        2.3107594518        1.6786503751       -1.4298047117
        2.3258323448        0.5604453361       -1.4391710189
        2.3258323544       -0.5604537905       -1.4391677109
        2.3107594807       -1.6786587744       -1.4297948037
        0.4833961447       -1.4862737241       -2.0467632235
       -0.5906298695       -1.8208706445       -2.0325013852
       -1.2631483768       -0.9192720708       -2.0474846287
       -1.9149887769       -0.0000060185       -2.0337627542
       -1.2631483926        0.9192599641       -2.0474900545
       -0.5906299009        1.8208586378       -2.0325121326
        0.4833961191        1.4862616517       -2.0467719960
        1.5487168422        1.1249548237       -2.0322574954
        1.5628459121       -0.0000060266       -2.0466562922
        1.5487168616       -1.1249667921       -2.0322508555
       -0.2959266673       -0.9137944209       -2.6213668066
       -0.9598432308       -0.0000077450       -2.6215884263
       -0.2959266830        0.9137789436       -2.6213722001
        0.7776365133        0.5645832247       -2.6210646599
        0.7776365231       -0.5645986817       -2.6210613275
        0.0007880696       -0.0000094254       -3.1937784878
