       -0.0000000073        0.0000000103        0.0034857000
       -0.0000021902        0.0000030665        1.0390783364
        0.2866899343       -0.8823425106        0.4653761816
       -0.7505675165       -0.5453171447        0.4653730007
       -0.7505675259        0.5453198785        0.4653697820
        0.2866899191        0.8823452623        0.4653709737
        0.9277502845        0.0000013814        0.4653749289
       -0.2861177538       -0.8805842815       -0.4614396990
       -0.9258987001       -0.0000013698       -0.4614436463
       -0.2861177689        0.8805815530       -0.4614448965
        0.7490695383        0.5442288174       -0.4614417219
        0.7490695477       -0.5442315281       -0.4614385097
        0.0000021782       -0.0000030497       -1.0333927219
       -0.0000044368        0.0000062121        2.1049548434
        0.2931291993       -0.9021643120        1.5349526965
       -0.7674338874       -0.5575664862        1.5349494441
       -0.7674338970        0.5575755328        1.5349461531
        0.2931291838        0.9021733769        1.5349473716
        0.9485932245        0.0000045381        1.5349514156
        1.2416821423       -0.9021335202        0.9481265895
        0.5816593247       -1.7901666014        0.9406045823
       -0.4742831214       -1.4596844488        0.9481246180
       -1.5228110051       -1.1063827611        0.9405981286
       -1.5348079934        0.0000027848        0.9481180749
       -1.5228110242        1.1063882866        0.9405915983
       -0.4742831465        1.4596900367        0.9481160024
        0.5816592939        1.7901721631        0.9405940161
        1.2416821268        0.9021391377        0.9481212647
        1.8822934978        0.0000027921        0.9406020406
        1.0595501258       -1.4589488164        0.0000553598
        0.0003545710       -1.8031023244        0.0000541429
       -1.0601237837       -1.4585320296        0.0000508908
       -1.7147426469       -0.5575264779        0.0000468520
       -1.7147426565        0.5575264486        0.0000435613
       -1.0601238089        1.4585320116        0.0000422820
        0.0003545399        1.8031023247        0.0000435004
        1.0595501006        1.4589488349        0.0000467486
        1.7149617741        0.5568520735        0.0000507923
        1.7149617837       -0.5568520436        0.0000540790
        0.4736691817       -1.4578004487       -0.9477570624
       -0.5793872186       -1.7831794096       -0.9379801405
       -1.2400747489       -0.9009713077       -0.9477623179
       -1.8749408953       -0.0000027843       -0.9379881337
       -1.2400747644        0.9009656923       -0.9477676357
       -0.5793872493        1.7831738633       -0.9379906654
        0.4736691566        1.4577948629       -0.9477656668
        1.5168626148        1.1020610142       -0.9379842369
        1.5328211633       -0.0000027838       -0.9477591322
        1.5168626338       -1.1020665244       -0.9379777321
       -0.2927257258       -0.9009316393       -1.5326701871
       -0.9472875963       -0.0000045313       -1.5326742256
       -0.2927257413        0.9009225879       -1.5326755047
        0.7663776032        0.5567990610       -1.5326722568
        0.7663776128       -0.5568080942       -1.5326689703
        0.0000044176       -0.0000061852       -2.0958318437
        0.2972614970       -0.9148860665        2.6238565844
       -0.7782606868       -0.5654277355        2.6238532861
       -0.7782606965        0.5654432089        2.6238499487
        0.2972614812        0.9149015585        2.6238511844
        0.9619707525        0.0000077517        2.6238552855
        1.2659406434       -0.9197567924        2.0470152631
        0.5925116723       -1.8235705535        2.0327531181
       -0.4835522449       -1.4882015069        2.0470132532
       -1.5512311477       -1.1270263081        2.0327465440
       -1.5647983287        0.0000060276        2.0470065822
       -1.5512311671        1.1270382793        2.0327398919
       -0.4835522705        1.4882135807        2.0470044693
        0.5925116409        1.8235825617        2.0327423548
        1.2659406275        0.9197688963        2.0470098344
        1.9174175787        0.0000060155        2.0327505291
        2.2145075579       -0.9147823963        1.4375930871
        1.5543322011       -1.8234358382        1.4375943772
       -0.1856954181       -2.3888051002        1.4375923781
       -1.2538815996       -2.0417303808        1.4375891023
       -2.3292778253       -0.5615744851        1.4375824674
       -2.3292778350        0.5615829301        1.4375791528
       -1.2538816347        2.0417388443        1.4375770513
       -0.1856954592        2.3888135821        1.4375782786
        1.5543321697        1.8234443501        1.4375836146
        2.2145075421        0.9147909195        1.4375876877
        2.0474070549       -1.4875275877        0.4809295929
        1.3700222519       -2.3881027845        0.4756235432
        0.2953193719       -2.7372949280        0.4756223085
       -0.7820412814       -2.4068711086        0.4809263421
       -1.8478625839       -2.0409329184        0.4756157361
       -2.5120655013       -1.1267360480        0.4756116381
       -2.5307365482        0.0000013975        0.4809155532
       -2.5120655207        1.1267388119        0.4756049877
       -1.8478626190        2.0409356938        0.4756036898
       -0.7820413228        2.4068739337        0.4809121360
        0.2953193247        2.7372977403        0.4756061521
        1.3700222108        2.3881056153        0.4756094478
        2.0474070292        1.4875304616        0.4809208130
        2.6945815155        0.5650061687        0.4756176200
        2.6945815252       -0.5650033150        0.4756209548
        1.8459310886       -2.0395388126       -0.4788503093
        0.7816692051       -2.4057286570       -0.4854839060
       -0.2945777432       -2.7350323124       -0.4788527685
       -1.3692905597       -2.3858369608       -0.4788560643
       -2.0464327776       -1.4868226468       -0.4854925788
       -2.6921977904       -0.5650113990       -0.4788642263
       -2.6921978001        0.5650085262       -0.4788675612
       -2.0464328032        1.4868197460       -0.4855013545
       -1.3692906008        2.3858341108       -0.4788701463
       -0.2945777903        2.7350294810       -0.4788689116
        0.7816691637        2.4057258049       -0.4854981054
        1.8459310535        2.0395360180       -0.4788623474
        2.5101401082        1.1253307002       -0.4788582494
        2.5295323285       -0.0000014110       -0.4854873215
        2.5101401276       -1.1253334834       -0.4788516073
        1.2517630750       -2.0387350083       -1.4393707295
        0.1856438032       -2.3851381684       -1.4393719544
       -0.8825661190       -2.7162727913       -1.4300061119
       -1.5521300152       -1.8205012437       -1.4393772836
       -2.2110279709       -0.9136060265       -1.4393813488
       -2.8560507712       -0.0000042448       -1.4300182878
       -2.2110279866        0.9135974927       -1.4393867412
       -1.5521300466        1.8204927213       -1.4393880287
       -0.8825661658        2.7162643356       -1.4300221442
        0.1856437621        2.3851296759       -1.4393860322
        1.2517630399        2.0387265341       -1.4393827628
        2.3105990489        1.6787420945       -1.4300123518
        2.3257663342        0.5604878442       -1.4393761365
        2.3257663438       -0.5604962998       -1.4393728283
        2.3105990778       -1.6787504951       -1.4300024433
        0.4828824025       -1.4861519395       -2.0468126702
       -0.5914503582       -1.8203162662       -2.0324068336
       -1.2641868917       -0.9184947318       -2.0468180279
       -1.9139831942       -0.0000060145       -2.0324149932
       -1.2641869075        0.9184826290       -2.0468234492
       -0.5914503895        1.8203042600       -2.0324175777
        0.4828823769        1.4861398668       -2.0468214420
        1.5484526710        1.1250076280       -2.0324110153
        1.5626305911       -0.0000060270       -2.0468147802
        1.5484526904       -1.1250195973       -2.0324043751
       -0.2968240390       -0.9135552233       -2.6210751909
       -0.9605551464       -0.0000077435       -2.6210792859
       -0.2968240547        0.9135397477       -2.6210805830
        0.7771154268        0.5645956678       -2.6210772896
        0.7771154365       -0.5646111249       -2.6210739571
        0.0000067313       -0.0000094247       -3.1935588338
