       -0.0003027313        0.0009317005        0.0030285975
       -0.0001607169        0.0004909624        1.0388319300
        0.2860693972       -0.8804326905        0.4643877897
       -0.7507252964       -0.5448071368        0.4651345229
       -0.7507767514        0.5457095285        0.4653004554
        0.2866301557        0.8827834756        0.4653016473
        0.9275781566        0.0005067273        0.4651364511
       -0.2862866447       -0.8800727357       -0.4616755883
       -0.9261215496        0.0003068159       -0.4616436869
       -0.2862898675        0.8811112187       -0.4617114042
        0.7490686807        0.5446091326       -0.4616417623
        0.7489055047       -0.5437184071       -0.4616743989
       -0.0000951678        0.0002965514       -1.0336664456
        0.0000891963       -0.0002819604        2.1048022659
        0.2929965917       -0.9017561861        1.5344587863
       -0.7671731521       -0.5577450825        1.5347954237
       -0.7674774922        0.5575494930        1.5349547191
        0.2931797588        0.9021779350        1.5349559376
        0.9484872619       -0.0002932057        1.5347973948
        1.2413029881       -0.9016940165        0.9477819174
        0.5797096784       -1.7841661961        0.9374485249
       -0.4742347123       -1.4591060213        0.9477799465
       -1.5225121852       -1.1064643367        0.9406221192
       -1.5347936110        0.0000396286        0.9481810598
       -1.5229569542        1.1064847311        0.9407087091
       -0.4743325397        1.4598420530        0.9482070296
        0.5817206648        1.7903359638        0.9407111271
        1.2416488349        0.9021604911        0.9481842496
        1.8820996963       -0.0002388459        0.9406260307
        1.0592285567       -1.4583661077       -0.0000578714
        0.0002722184       -1.8024418896       -0.0000590880
       -1.0598260935       -1.4584853765        0.0002259936
       -1.7147448095       -0.5575372434        0.0000230840
       -1.7148967668        0.5575981600        0.0000508478
       -1.0602697235        1.4587827346       -0.0000035430
        0.0003252162        1.8033909303       -0.0000023245
        1.0596326275        1.4590974344        0.0000540354
        1.7149698515        0.5568446351        0.0000270243
        1.7146935249       -0.5569892784        0.0002291812
        0.4736522827       -1.4577484403       -0.9473940574
       -0.5792422713       -1.7831485687       -0.9376934556
       -1.2401229924       -0.9009660739       -0.9477079968
       -1.8750739049       -0.0000225956       -0.9380369336
       -1.2402366009        0.9011486374       -0.9479174777
       -0.5794856592        1.7834767383       -0.9381664047
        0.4736925530        1.4580379937       -0.9479155086
        1.5169818667        1.1021231677       -0.9380330365
        1.5328571167        0.0000298072       -0.9477048110
        1.5167272405       -1.1021267716       -0.9376910476
       -0.2926824113       -0.9009331072       -1.5326689538
       -0.9473704613       -0.0000049424       -1.5327957142
       -0.2927825007        0.9010972762       -1.5328834280
        0.7664448843        0.5568474354       -1.5327937452
        0.7663434334       -0.5568347413       -1.5326677371
        0.0000167487       -0.0000441362       -2.0959592627
        0.2975506620       -0.9157760229        2.6232683566
       -0.7776780110       -0.5662665941        2.6236174178
       -0.7781025944        0.5649247256        2.6238632430
        0.2974383307        0.9143891665        2.6238644787
        0.9619924271       -0.0010133872        2.6236194165
        1.2655260682       -0.9210840096        2.0463343444
        0.5922823848       -1.8228648738        2.0312152483
       -0.4824367264       -1.4890315665        2.0463323361
       -1.5504541526       -1.1276949071        2.0326717240
       -1.5644984794       -0.0004772492        2.0470934178
       -1.5511763345        1.1267604398        2.0329258735
       -0.4834901813        1.4880224891        2.0471709487
        0.5926305900        1.8233255549        2.0329283365
        1.2659821071        0.9192016701        2.0470966697
        1.9171819693       -0.0009915987        2.0326757079
        2.2138748826       -0.9155999087        1.4375840466
        1.5531505069       -1.8226385156        1.4366685728
        0.8831971898       -2.7182064172        1.4269900266
       -0.1852080599       -2.3874654696        1.4366665756
       -1.2528892327       -2.0420198849        1.4375800637
       -2.3289320955       -0.5619157525        1.4377602251
       -2.3292126872        0.5613338659        1.4377806630
       -1.2539027923        2.0417127893        1.4377788274
       -0.1856630281        2.3888049392        1.4377800547
        1.5544258599        1.8232045599        1.4377851249
        2.2144284324        0.9143116134        1.4377654449
        2.0463221985       -1.4883027510        0.4816078710
        1.3690189375       -2.3867459122        0.4756312599
        0.2953335207       -2.7356074619        0.4756300264
       -0.7807079860       -2.4068605667        0.4816046230
       -1.8470335447       -2.0412710368        0.4760481083
       -2.5117331941       -1.1270684634        0.4757560810
       -2.5307171127       -0.0001985835        0.4810492962
       -2.5121840500        1.1266392583        0.4757208293
       -1.8479689347        2.0410116555        0.4756657388
       -0.7820905267        2.4070253672        0.4809997021
        0.2953606866        2.7374216854        0.4756682012
        1.3701766189        2.3880947445        0.4757252897
        2.0475088511        1.4873572496        0.4810545561
        2.6945080620        0.5645419137        0.4757620623
        2.6941095586       -0.5657641559        0.4760533256
        1.8455149190       -2.0397885658       -0.4780324340
        0.7816633912       -2.4057107688       -0.4839818904
       -0.2940942554       -2.7349897492       -0.4780348922
       -1.3686132552       -2.3860725485       -0.4781381874
       -2.0461208357       -1.4871364672       -0.4851818555
       -2.6921462040       -0.5652723125       -0.4787605360
       -2.6923162689        0.5648669142       -0.4788088326
       -2.0466042756        1.4868703926       -0.4855161587
       -1.3694002088        2.3860085195       -0.4789166795
       -0.2945916304        2.7352350065       -0.4789154446
        0.7817781185        2.4058675678       -0.4855129092
        1.8461101340        2.0394910857       -0.4788036185
        2.5102517348        1.1250892950       -0.4787545590
        2.5294644206       -0.0004386521       -0.4851765987
        2.5097306503       -1.1259221879       -0.4781337316
        1.2516793972       -2.0390890942       -1.4384201056
        0.1859196245       -2.3853754460       -1.4384213300
       -0.8821542559       -2.7165148964       -1.4292735166
       -1.5519141588       -1.8207988935       -1.4389623913
       -2.2110000290       -0.9138721010       -1.4392219721
       -2.8561108571       -0.0002412534       -1.4299641118
       -2.2111753800        0.9135356431       -1.4394529186
       -1.5522599124        1.8205987374       -1.4395195297
       -0.8826190626        2.7164271359       -1.4301499033
        0.1856865114        2.3852917780       -1.4395175330
        1.2519186381        2.0387631325       -1.4394489399
        2.3107869694        1.6785856681       -1.4299581756
        2.3259001231        0.5602561615       -1.4392167597
        2.3257666656       -0.5608639810       -1.4389579362
        2.3104081779       -1.6791884498       -1.4292698487
        0.4829876160       -1.4864757550       -2.0463784822
       -0.5912161319       -1.8206187323       -2.0320023504
       -1.2641407193       -0.9187507943       -2.0467182028
       -1.9140465086       -0.0002083406       -2.0324420839
       -1.2642745281        0.9184553249       -2.0469781150
       -0.5914820087        1.8204015743       -2.0326021261
        0.4829693127        1.4861692795       -2.0469761076
        1.5486228178        1.1248811581       -2.0324381057
        1.5627437465       -0.0002403255       -2.0467149551
        1.5484409816       -1.1254019725       -2.0319998922
       -0.2967106958       -0.9138353958       -2.6209607989
       -0.9605501199       -0.0002176655       -2.6211416561
       -0.2967983743        0.9134607122       -2.6212379288
        0.7772347495        0.5644228830       -2.6211396595
        0.7771884210       -0.5649044108       -2.6209595651
        0.0000922382       -0.0002725877       -3.1935727846
