        0.0004906221        0.0015100039        0.0025689558
        0.0002606726        0.0008120701        1.0385812586
        0.2864937999       -0.8801085684        0.4641461438
       -0.7490957554       -0.5436251346        0.4641429679
       -0.7503402056        0.5460185139        0.4650611903
        0.2869382569        0.8831095661        0.4652264923
        0.9279770279        0.0007002042        0.4650663371
       -0.2858458059       -0.8797473167       -0.4619293601
       -0.9256874799        0.0006260419       -0.4618806905
       -0.2860673489        0.8814210709       -0.4619131954
        0.7495222064        0.5449376370       -0.4619100196
        0.7492674526       -0.5435997900       -0.4618755539
        0.0001620626        0.0004890189       -1.0339446959
       -0.0001438637       -0.0004229029        2.1046466200
        0.2926787665       -0.9017173628        1.5343043289
       -0.7668067658       -0.5574696556        1.5343010798
       -0.7675615259        0.5572619081        1.5348007691
        0.2931484273        0.9022326025        1.5349600295
        0.9485121354       -0.0003242083        1.5348060318
        1.2413019097       -0.9016582216        0.9478519768
        0.5794067627       -1.7840405043        0.9374644709
       -0.4739366876       -1.4586182417        0.9474392795
       -1.5173877973       -1.1027506728        0.9374580407
       -1.5342210037        0.0001638139        0.9478434652
       -1.5229452388        1.1061687494        0.9407363249
       -0.4742926726        1.4598451205        0.9482634740
        0.5817703741        1.7905140350        0.9408189608
        1.2417809887        0.9022590041        0.9482687366
        1.8822730382       -0.0002537063        0.9407467676
        1.0592124605       -1.4583835480       -0.0000794972
        0.0000513856       -1.8022144058        0.0000891605
       -1.0593565964       -1.4579918962        0.0000859117
       -1.7141372128       -0.5572676410       -0.0000880022
       -1.7147633074        0.5573162834        0.0002346867
       -1.0602852720        1.4587791097       -0.0000273333
        0.0003444006        1.8035644479       -0.0000001766
        1.0598299329        1.4593167407        0.0000030725
        1.7152376415        0.5569570743       -0.0000188217
        1.7148549575       -0.5570342088        0.0002452042
        0.4736958604       -1.4577666383       -0.9473547730
       -0.5793363636       -1.7830228889       -0.9374435332
       -1.2400764614       -0.9009282724       -0.9473600286
       -1.8750025476       -0.0001573762       -0.9377441073
       -1.2402509913        0.9011952792       -0.9478597805
       -0.5795502432        1.7835989097       -0.9382157517
        0.4738168911        1.4582495401       -0.9480665481
        1.5172443168        1.1023090782       -0.9382093215
        1.5330986821        0.0000793722       -0.9478512755
        1.5168216433       -1.1022278297       -0.9377337057
       -0.2927141926       -0.9008961440       -1.5326863249
       -0.9473580025       -0.0000389897       -1.5327965356
       -0.2928097405        0.9011823420       -1.5330067245
        0.7665982415        0.5569598324       -1.5330034756
        0.7664143193       -0.5568773556       -1.5327912800
       -0.0000117301       -0.0000558851       -2.0960919873
        0.2965870678       -0.9160593934        2.6230437304
       -0.7784047218       -0.5667733979        2.6230404338
       -0.7787106014        0.5641422493        2.6236292161
        0.2970046461        0.9141111013        2.6238764036
        0.9615700496       -0.0013091946        2.6236345530
        1.2649952198       -0.9212778972        2.0464294457
        0.5912309125       -1.8228726561        2.0311778133
       -0.4838201603       -1.4890260784        2.0456544869
       -1.5497847687       -1.1272145117        2.0311712475
       -1.5649275448       -0.0017802792        2.0464207673
       -1.5515727527        1.1258251258        2.0328513939
       -0.4838525683        1.4876062516        2.0472518141
        0.5923908805        1.8232109030        2.0331043492
        1.2658265931        0.9191010466        2.0472571797
        1.9169808529       -0.0011762250        2.0328620308
        2.2136538387       -0.9157849736        1.4377963304
        1.5526123325       -1.8227393696        1.4368689860
        0.8823100419       -2.7181383758        1.4271573041
       -0.1861382238       -2.3871338390        1.4366576591
       -1.2525410144       -2.0406385784        1.4366543888
       -2.3114933576       -1.6804087759        1.4271475098
       -2.3274770444       -0.5620219448        1.4368570870
       -2.3291764630        0.5602700247        1.4377823991
       -1.2541213713        2.0412807573        1.4379490486
       -0.1858802701        2.3886752635        1.4379693852
        1.5544003810        1.8232238196        1.4379747220
        2.2144322343        0.9142794065        1.4379596855
        2.0461599518       -1.4884806001        0.4817629189
        1.3684949633       -2.3868466438        0.4758135899
        0.2944086971       -2.7353839509        0.4759836140
       -0.7817786865       -2.4060629120        0.4822595074
       -1.8460025904       -2.0399221860        0.4759770500
       -2.5100915589       -1.1266175261        0.4758016955
       -2.5302877919       -0.0015026330        0.4817488844
       -2.5122547138        1.1257206720        0.4761683929
       -1.8481907802        2.0405827064        0.4758117084
       -0.7822797345        2.4069472990        0.4811262449
        0.2952288496        2.7375108002        0.4757747975
        1.3702206392        2.3882248047        0.4757780941
        2.0476430301        1.4874496809        0.4811349233
        2.6946395215        0.5645277080        0.4758256397
        2.6941361349       -0.5659382115        0.4761843592
        1.8453011355       -2.0399863201       -0.4779099708
        0.7812178429       -2.4057783168       -0.4836907888
       -0.2947915675       -2.7347673159       -0.4773688575
       -1.3689618194       -2.3857482542       -0.4773721516
       -2.0460968171       -1.4871281233       -0.4836994592
       -2.6919511911       -0.5657437156       -0.4779238850
       -2.6923357417        0.5641268177       -0.4780715953
       -2.0468154411        1.4864631790       -0.4851951387
       -1.3696415983        2.3858744448       -0.4788124612
       -0.2947676937        2.7353073018       -0.4788611415
        0.7817740952        2.4060487504       -0.4855322482
        1.8462479875        2.0396491574       -0.4788545757
        2.5104477786        1.1251570201       -0.4788005622
        2.5296323026       -0.0005147881       -0.4851811043
        2.5097334650       -1.1261278791       -0.4780556422
        1.2515021503       -2.0392872703       -1.4382688079
        0.1855744526       -2.3854782090       -1.4380378477
       -0.8826248870       -2.7164536474       -1.4285952664
       -1.5522737876       -1.8208171033       -1.4380431771
       -2.2111414959       -0.9142061816       -1.4382794267
       -2.8562181236       -0.0007182795       -1.4292153763
       -2.2113997746        0.9132324399       -1.4390260437
       -1.5525130226        1.8204881814       -1.4393540336
       -0.8828710903        2.7164116186       -1.4300950203
        0.1855793039        2.3854136328       -1.4395842300
        1.2519820945        2.0389183722       -1.4395809596
        2.3109323092        1.6786820187       -1.4300852259
        2.3260734996        0.5602590638       -1.4393421392
        2.3258525519       -0.5610101646       -1.4390121294
        2.3103147652       -1.6794265271       -1.4291995322
        0.4828057853       -1.4866433155       -2.0462934077
       -0.5915776499       -1.8207080225       -2.0316317602
       -1.2644137336       -0.9189372968       -2.0462987658
       -1.9142644067       -0.0005180287       -2.0320331887
       -1.2645082827        0.9183393589       -2.0468754314
       -0.5916986371        1.8204048779       -2.0326290965
        0.4829176565        1.4862484433       -2.0471314040
        1.5487126503        1.1249431130       -2.0326225326
        1.5628063773       -0.0003108346       -2.0468667610
        1.5483792395       -1.1255991174       -2.0320225699
       -0.2969613265       -0.9139777488       -2.6208639937
       -0.9607799072       -0.0003972373       -2.6210301079
       -0.2969961464        0.9134027119       -2.6213019936
        0.7771741055        0.5643836502       -2.6212986994
        0.7770683329       -0.5650583430       -2.6210247785
       -0.0001257843       -0.0004172661       -3.1935922336
