        0.0012938934        0.0009400780        0.0020935706
        0.0007020249        0.0005147053        1.0383212310
        0.2868015147       -0.8804111797        0.4640593719
       -0.7486514617       -0.5439250560        0.4638915397
       -0.7486962351        0.5448291761        0.4640529832
        0.2873732220        0.8827925436        0.4649792392
        0.9283868281        0.0005130213        0.4649831940
       -0.2856185209       -0.8800506661       -0.4621400679
       -0.9252369273        0.0003085285       -0.4621440142
       -0.2856263846        0.8811109024       -0.4621579647
        0.7498921209        0.5448264557       -0.4621211908
        0.7497248381       -0.5439277760       -0.4621515768
        0.0004287212        0.0003068482       -1.0342341508
       -0.0003476230       -0.0002431294        2.1044852992
        0.2926588518       -0.9017454351        1.5343045893
       -0.7668633654       -0.5571519813        1.5341394786
       -0.7671808639        0.5569987618        1.5342980503
        0.2928507074        0.9022256953        1.5348005403
        0.9485569289       -0.0002764769        1.5348045858
        1.2414363615       -0.9017471574        0.9479306042
        0.5794346120       -1.7841624453        0.9375545558
       -0.4739004707       -1.4586005958        0.9475021729
       -1.5173570219       -1.1024202243        0.9374697373
       -1.5336589398        0.0000317747        0.9474956345
       -1.5177881934        1.1024170550        0.9375416166
       -0.4739916433        1.4593368914        0.9479200205
        0.5814737232        1.7904079191        0.9408434232
        1.2417988908        0.9022239726        0.9483210736
        1.8824603695       -0.0002465473        0.9408514499
        1.0594026090       -1.4586033792       -0.0001267790
        0.0000576488       -1.8023752732        0.0000985722
       -1.0593746076       -1.4579793935        0.0000597636
       -1.7139855506       -0.5569847429        0.0000557248
       -1.7141429439        0.5570193879        0.0000879960
       -1.0598408630        1.4582849679       -0.0001398542
        0.0001158419        1.8033528896        0.0001821402
        1.0598247822        1.4593341071       -0.0000261952
        1.7154130713        0.5569942551       -0.0000221504
        1.7151263228       -0.5571564869        0.0001927213
        0.4738203454       -1.4579821767       -0.9475023627
       -0.5794008933       -1.7831429582       -0.9374895195
       -1.2400785244       -0.9009740488       -0.9473258109
       -1.8749104557       -0.0000270509       -0.9374975124
       -1.2402008869        0.9011656160       -0.9475129377
       -0.5796610364        1.7834936573       -0.9379209180
        0.4738579812        1.4582821837       -0.9480134009
        1.5173450813        1.1024115453       -0.9382650666
        1.5333429841        0.0000262071       -0.9480068642
        1.5170821708       -1.1024257327       -0.9379079816
       -0.2927298937       -0.9009757685       -1.5328167043
       -0.9473308529        0.0000051405       -1.5328207430
       -0.2928378075        0.9011638962       -1.5330127609
        0.7666746616        0.5570148845       -1.5331343777
        0.7665724817       -0.5569892458       -1.5330062247
       -0.0000289837       -0.0000304544       -2.0962325257
        0.2961807436       -0.9157598694        2.6230449375
       -0.7789666945       -0.5659406848        2.6228088525
       -0.7794257002        0.5646853666        2.6230383013
        0.2960696702        0.9144488983        2.6236371307
        0.9611719582       -0.0009858495        2.6236412342
        1.2648499100       -0.9211665515        2.0465824965
        0.5910044016       -1.8227616472        2.0313301873
       -0.4841580526       -1.4885843338        2.0457392527
       -1.5501104815       -1.1262121037        2.0311281358
       -1.5653496182       -0.0004518372        2.0457325820
       -1.5509276176        1.1253548056        2.0313169722
       -0.4852300844        1.4876118685        2.0465716990
        0.5913753083        1.8233006515        2.0330262688
        1.2653184840        0.9193168841        2.0473352629
        1.9167983190       -0.0009875843        2.0330344463
        2.2136581923       -0.9157633502        1.4379842869
        1.5525609034       -1.8227633927        1.4370583880
        0.8821457880       -2.7181307196        1.4273565792
       -0.1863408621       -2.3869830363        1.4368589348
       -1.2527883113       -2.0401579675        1.4368514135
       -2.3116938953       -1.6795375591        1.4273134695
       -2.3274445237       -0.5610206129        1.4368447832
       -2.3277443993        0.5604060234        1.4368457229
       -2.3125040070        1.6789274208        1.4273368691
       -1.2537894599        2.0398464399        1.4370410736
       -0.1868908719        2.3883089212        1.4379694762
        1.5539216244        1.8232989042        1.4381427335
        2.2142423470        0.9144454163        1.4381468075
        2.0462809348       -1.4885889273        0.4818493229
        1.3684915906       -2.3869858588        0.4759241613
        0.2942584831       -2.7354509077        0.4761305058
       -0.7819898340       -2.4059605973        0.4824155811
       -1.8462542192       -2.0394527496        0.4761588092
       -2.5101607674       -1.1256637964        0.4761547131
       -2.5298547087       -0.0002310279        0.4824047972
       -2.5106395880        1.1251600161        0.4761132003
       -1.8472733612        2.0391348012        0.4759043209
       -0.7833987109        2.4061309072        0.4818318645
        0.2943263574        2.7372955086        0.4762242546
        1.3697434063        2.3883060954        0.4759211185
        2.0475127460        1.4876072708        0.4812579226
        2.6946860267        0.5646790600        0.4759292930
        2.6942725563       -0.5659469898        0.4762390616
        1.8454195938       -2.0401635917       -0.4779373514
        0.7811978166       -2.4059634349       -0.4836829644
       -0.2949820040       -2.7348321033       -0.4772851252
       -1.3692116010       -2.3856051802       -0.4772490460
       -2.0462963532       -1.4867235194       -0.4834095673
       -2.6919529612       -0.5650079196       -0.4772572070
       -2.6921323200        0.5645621926       -0.4772999150
       -2.0468017650        1.4864439898       -0.4837004124
       -1.3700428655        2.3855407231       -0.4779571899
       -0.2954866602        2.7350994069       -0.4781177465
        0.7813184420        2.4061280668       -0.4852119609
        1.8460476804        2.0398408127       -0.4787546092
        2.5104660244        1.1253474329       -0.4787505099
        2.5298065221       -0.0004592712       -0.4852011732
        2.5099257717       -1.1262194739       -0.4781004378
        1.2515600795       -2.0394583730       -1.4383866947
        0.1854653145       -2.3856080024       -1.4380876928
       -0.8828763287       -2.7164391256       -1.4285226617
       -1.5525150140       -1.8207097677       -1.4378932294
       -2.2113452665       -0.9139077360       -1.4378972942
       -2.8563048310       -0.0002478629       -1.4285348372
       -2.2115299869        0.9135729341       -1.4381024816
       -1.5528807406        1.8205231988       -1.4384039973
       -0.8833685951        2.7163688701       -1.4293351267
        0.1852162231        2.3855378998       -1.4391556377
        1.2517989517        2.0391291754       -1.4394186748
        2.3108425772        1.6789190280       -1.4300349944
        2.3261603663        0.5603975751       -1.4394120463
        2.3260224701       -0.5610290603       -1.4391424295
        2.3104505288       -1.6795459497       -1.4293154218
        0.4827616093       -1.4867281104       -2.0464459808
       -0.5917811993       -1.8207115117       -2.0316565825
       -1.2646279913       -0.9188152067       -2.0462180184
       -1.9144613337       -0.0001985211       -2.0316647431
       -1.2647722073        0.9185457966       -2.0464567626
       -0.5920649177        1.8205214546       -2.0322180340
        0.4827353100        1.4864393979       -2.0470329323
        1.5486522743        1.1251526472       -2.0326553165
        1.5628700169       -0.0002384574       -2.0470262681
        1.5484693542       -1.1256711640       -2.0322048275
       -0.2971421225       -0.9139112108       -2.6209343227
       -0.9609920045       -0.0002002520       -2.6209384185
       -0.2972382361        0.9135694591       -2.6211942719
        0.7770606859        0.5645558949       -2.6213690008
        0.7770157051       -0.5650142168       -2.6211876440
       -0.0003285861       -0.0002530474       -3.1936169085
