    0.000000000000000   0.000000000000000   0.000000000000000
   -0.000002182564746   0.000003055874926   1.035479354627694
    0.286198486203728  -0.880829980952492   0.463083647977571
   -0.749280871325983  -0.544382352514723   0.463080472498893
   -0.749280880702517   0.544385072857336   0.463077259361826
    0.286198471032177   0.880832719143214   0.463078449012587
    0.926159914429460   0.000001374610730   0.463082397394258
   -0.286198471032177  -0.880832719143214  -0.463078449012586
   -0.926159914429459  -0.000001374610730  -0.463082397394258
   -0.286198486203727   0.880829980952492  -0.463083647977571
    0.749280871325984   0.544382352514723  -0.463080472498892
    0.749280880702517  -0.544385072857336  -0.463077259361826
    0.000002182564746  -0.000003055874926  -1.035479354627693
   -0.000004419838889   0.000006188350135   2.096914618270918
    0.292861801958269  -0.901341342329066   1.533464463763935
   -0.766733820629767  -0.557057864604058   1.533461214328508
   -0.766733830224680   0.557066902395537   1.533457926357632
    0.292861786433373   0.901350398384336   1.533459143715303
    0.947727901453368   0.000004533671457   1.533463184054596
    1.240594170204786  -0.901343062749825   0.947736408581669
    0.579570984940962  -1.783739342572089   0.937775211631846
   -0.473867551878348  -1.458405461025340   0.947734438855582
   -1.517343639206734  -1.102410499847454   0.937768781076151
   -1.533463184061297   0.000002783699263   0.947727901449280
   -1.517343658194839   1.102416008722320   0.937762274259713
   -0.473867576998157   1.458411046687657   0.947725830836074
    0.579570954217562   1.783744887590566   0.937764683381691
    1.240594154679891   0.901348677963577   0.947731088533037
    1.875535475182844   0.000002783678228   0.937772679117394
    1.059595632182949  -1.458408244724603   0.000006537406302
    0.000000015524895  -1.802691740713402   0.000005320048632
   -1.059595607063140  -1.458408262988394   0.000002070613206
   -1.714461722083135  -0.557062398275515  -0.000001969726087
   -1.714461731678048   0.557062368724080  -0.000005257696963
   -1.059595632182949   1.458408244724603  -0.000006537406302
   -0.000000015524895   1.802691740713402  -0.000005320048631
    1.059595607063141   1.458408262988394  -0.000002070613206
    1.714461722083135   0.557062398275515   0.000001969726087
    1.714461731678048  -0.557062368724080   0.000005257696964
    0.473867576998157  -1.458411046687657  -0.947725830836074
   -0.579570954217562  -1.783744887590566  -0.937764683381691
   -1.240594154679891  -0.901348677963577  -0.947731088533037
   -1.875535475182843  -0.000002783678228  -0.937772679117393
   -1.240594170204786   0.901343062749825  -0.947736408581669
   -0.579570984940962   1.783739342572089  -0.937775211631845
    0.473867551878349   1.458405461025339  -0.947734438855581
    1.517343639206735   1.102410499847454  -0.937768781076151
    1.533463184061297  -0.000002783699263  -0.947727901449279
    1.517343658194840  -1.102416008722320  -0.937762274259713
   -0.292861786433373  -0.901350398384336  -1.533459143715302
   -0.947727901453367  -0.000004533671457  -1.533463184054595
   -0.292861801958268   0.901341342329066  -1.533464463763934
    0.766733820629767   0.557057864604058  -1.533461214328508
    0.766733830224680  -0.557066902395537  -1.533457926357632
    0.000004419838890  -0.000006188350135  -2.096914618270918
   -0.000006732043986   0.000009425738438   3.193899551051440
    0.296972286992684  -0.913995960860696   2.621381106134351
   -0.777503506288600  -0.564877622735925   2.621377811066278
   -0.777503516018257   0.564893081594023   2.621374476921591
    0.296972271249769   0.914011438239068   2.621375711374924
    0.961034837599866   0.000007744412266   2.621379808453729
    1.264879801474196  -0.918986046182834   2.046630855795299
    0.591714220888791  -1.821116247585521   2.031903037275030
   -0.483147038231821  -1.486954412600165   2.046628847506621
   -1.549143386457021  -1.125509464527282   2.031896471960486
   -1.563487054246040   0.000006026463827   2.046622182113319
   -1.549143405843041   1.125521430766259   2.031889828787078
   -0.483147063843415   1.486966484149173   2.046620070962389
    0.591714189521551   1.821128250725534   2.031892288394662
    1.264879785645360   0.918998147861823   2.046625431592661
    1.914836967916259   0.000006012973054   2.031900451689156
    2.211816032130792  -0.913999436880973   1.437948166207652
    1.552755835710507  -1.821117992166586   1.437949454112903
    0.882769137320316  -2.716889011976802   1.428365180594659
   -0.185782508177960  -2.386003359314777   1.437947456725452
   -1.252164322242488  -2.039514914381308   1.437944186478982
   -2.311130422682294  -1.679128167574380   1.428355385942666
   -2.326640125253429  -0.560625871926590   1.437937557266221
   -2.326640134909792   0.560634319037003   1.437934248237500
   -2.311130451603882   1.679136558375230   1.428345475134702
   -1.252164357371424   2.039523380011996   1.437932148546147
   -0.185782549274856   2.386011843326226   1.437933373700397
    0.882769090524204   2.716897457829517   1.428349144570518
    1.552755804343267   1.821126506144469   1.437938705232536
    2.211816016387877   0.914007962218791   1.437942771448225
    2.856707593133676   0.000004239938319   1.428361323214535
    2.046624472049202  -1.486959004900236   0.483151439307578
    1.369215489206661  -2.386006182106236   0.476910371429343
    0.294739701938635  -2.735124538751281   0.476909136976010
   -0.781742367842198  -2.405951126298232   0.483148189828236
   -1.846117905407177  -2.039517755693042   0.476902571661466
   -2.510180471757275  -1.125514061866240   0.476898474582661
   -2.529769233159809   0.000001404033774   0.483137404995326
   -2.510180491143295   1.125516833427301   0.476891831409253
   -1.846117940536112   2.039520538700263   0.476890533728631
   -0.781742409282628   2.405953964495763   0.483133989081366
    0.294739654828480   2.735127358659537   0.476892993336215
    1.369215448109764   2.386009020534767   0.476896288404289
    2.046624446437607   1.486961891849102   0.483142662763347
    2.692338226504472   0.564886782782287   0.476904451698783
    2.692338236234129  -0.564883921547662   0.476907785843470
    1.846117940536113  -2.039520538700263  -0.476890533728631
    0.781742409282629  -2.405953964495763  -0.483133989081366
   -0.294739654828480  -2.735127358659537  -0.476892993336215
   -1.369215448109764  -2.386009020534767  -0.476896288404288
   -2.046624446437607  -1.486961891849102  -0.483142662763346
   -2.692338226504472  -0.564886782782287  -0.476904451698782
   -2.692338236234129   0.564883921547661  -0.476907785843470
   -2.046624472049202   1.486959004900236  -0.483151439307578
   -1.369215489206661   2.386006182106236  -0.476910371429343
   -0.294739701938635   2.735124538751281  -0.476909136976009
    0.781742367842198   2.405951126298232  -0.483148189828236
    1.846117905407177   2.039517755693042  -0.476902571661466
    2.510180471757275   1.125514061866240  -0.476898474582661
    2.529769233159810  -0.000001404033774  -0.483137404995325
    2.510180491143295  -1.125516833427301  -0.476891831409253
    1.252164357371424  -2.039523380011997  -1.437932148546146
    0.185782549274857  -2.386011843326226  -1.437933373700397
   -0.882769090524204  -2.716897457829517  -1.428349144570517
   -1.552755804343267  -1.821126506144469  -1.437938705232535
   -2.211816016387877  -0.914007962218791  -1.437942771448224
   -2.856707593133676  -0.000004239938319  -1.428361323214535
   -2.211816032130792   0.913999436880973  -1.437948166207651
   -1.552755835710506   1.821117992166586  -1.437949454112902
   -0.882769137320316   2.716889011976802  -1.428365180594659
    0.185782508177960   2.386003359314776  -1.437947456725451
    1.252164322242488   2.039514914381308  -1.437944186478981
    2.311130422682294   1.679128167574379  -1.428355385942665
    2.326640125253429   0.560625871926589  -1.437937557266220
    2.326640134909792  -0.560634319037003  -1.437934248237500
    2.311130451603882  -1.679136558375230  -1.428345475134702
    0.483147063843416  -1.486966484149173  -2.046620070962389
   -0.591714189521551  -1.821128250725534  -2.031892288394662
   -1.264879785645360  -0.918998147861824  -2.046625431592660
   -1.914836967916259  -0.000006012973054  -2.031900451689156
   -1.264879801474196   0.918986046182834  -2.046630855795299
   -0.591714220888791   1.821116247585520  -2.031903037275029
    0.483147038231821   1.486954412600165  -2.046628847506620
    1.549143386457021   1.125509464527282  -2.031896471960486
    1.563487054246040  -0.000006026463827  -2.046622182113318
    1.549143405843042  -1.125521430766259  -2.031889828787078
   -0.296972271249768  -0.914011438239069  -2.621375711374924
   -0.961034837599866  -0.000007744412266  -2.621379808453729
   -0.296972286992684   0.913995960860696  -2.621381106134351
    0.777503506288600   0.564877622735925  -2.621377811066277
    0.777503516018257  -0.564893081594024  -2.621374476921590
    0.000006732043986  -0.000009425738438  -3.193899551051440
