    0.026992001169720  -0.003741790410231  -0.038943134783020
    0.029156524120583  -0.003873266601762   0.996016499314874
    0.313221275059714  -0.884736899364187   0.424665809359143
   -0.721671753770299  -0.548667455904711   0.423692713911832
   -0.721609539550478   0.541331691111171   0.423265454093392
    0.313231363315976   0.877277901715539   0.424499938814144
    0.953385412628460  -0.003721007306177   0.424213173142908
   -0.260151418244050  -0.884802679127646  -0.501240379078721
   -0.900119722706881  -0.003610861056013  -0.500978486925104
   -0.259980880846231   0.877423400699470  -0.501450420954536
    0.775636463046428   0.540811381265953  -0.501908272967308
    0.775583558064745  -0.548349307266166  -0.501841593020525
    0.025646806444398  -0.003746594464689  -1.073959965340493
    0.027413838351093  -0.003081993416270   2.057465813152354
    0.321484619824695  -0.905357207056980   1.495457917022032
   -0.734313763975807  -0.563927239618399   1.491822644787403
   -0.735028535063683   0.554493323600177   1.491305858151526
    0.321191098747883   0.897952872871604   1.495040499062755
    0.975533264175348  -0.003645107140070   1.495464802675516
    1.267726315767605  -0.905006619654116   0.909181780966329
    0.606515869223277  -1.787608559110851   0.899680249433707
   -0.446587393700714  -1.462870626553540   0.909308322219952
   -1.490499539955758  -1.103003689513113   0.903801742374350
   -1.505450777076225  -0.003928935269768   0.903530829754394
   -1.488939229553969   1.098090862243432   0.900656992678091
   -0.446480445564601   1.455434560053574   0.909392451464793
    0.606553802298090   1.780198543542280   0.899506103733634
    1.267666825498679   0.897601623386258   0.909164942264256
    1.902530702461921  -0.003687212148897   0.899106969853823
    1.085944833803083  -1.462379984227542  -0.038602796067381
    0.025891719550417  -1.806615619702968  -0.037788320373806
   -1.033942356030170  -1.462100433529147  -0.036482818336344
   -1.688144830516871  -0.561253861235672  -0.037861980286581
   -1.688431497619035   0.554240242592222  -0.037884641703126
   -1.033654862068686   1.455423676616452  -0.037322379693791
    0.026133891690196   1.799200594664265  -0.037986667171379
    1.086054710212684   1.454858168195652  -0.038720372199041
    1.741001892622580   0.553429574059352  -0.039076004993757
    1.740972710898218  -0.560942968905977  -0.039051030635803
    0.499350364239096  -1.462446272896600  -0.985935863876643
   -0.554620777537342  -1.787714207818597  -0.974734478011765
   -1.215264320689041  -0.905290347853191  -0.984652401914879
   -1.850178176978996  -0.003561785573992  -0.974504201407742
   -1.215056292866446   0.897985620740767  -0.984905342790386
   -0.554255341765402   1.780426370187380  -0.975147665253479
    0.499592447773518   1.454938867878351  -0.986133406081407
    1.543187439159160   1.098804359436797  -0.976862774063144
    1.559287855663910  -0.003823288630129  -0.986803601758051
    1.543053668904812  -1.106449542336399  -0.976771696465562
   -0.267911290856828  -0.905262246522430  -1.571271211569043
   -0.922692568033603  -0.003711135539677  -1.570969836936958
   -0.267725366718892   0.897769942423902  -1.571464360380623
    0.792001424784531   0.553378729873181  -1.572157850618946
    0.791914433519937  -0.561028153507439  -1.572092832023831
    0.024692942683962  -0.003818728838528  -2.135112137046883
    0.014815368143404  -0.002619401809191   3.154814345016933
    0.325576403470601  -0.916751526799249   2.583708069403353
   -0.743836043721207  -0.572837493073982   2.577028188960051
   -0.751187085545772   0.562690267620171   2.577194882848648
    0.322452935663537   0.910061498213777   2.583545276192785
    0.985383681612522  -0.002949829103976   2.584662112213195
    1.292822589263820  -0.922243546024481   2.008781415890547
    0.619722044489850  -1.824836735168179   1.994148350764246
   -0.454610796074148  -1.491967833991916   2.008676536628753
   -1.521687473607440  -1.122425938045616   2.000948831199767
   -1.522062647195344  -0.007136916070754   1.988336660006733
   -1.515684597914759   1.117866978544862   1.993968268771955
   -0.454745068611796   1.483615856973695   2.008345327862775
    0.619255862267945   1.817472561721422   1.994005434251171
    1.291934857671325   0.915282358919533   2.008916830348260
    1.941745688525504  -0.003420428031578   1.994092256854413
    2.238964019979014  -0.917569383438860   1.399166192048399
    1.579902099344136  -1.824679573210339   1.399377084856830
    0.909817996161413  -2.720596816808307   1.390202103255611
   -0.158899933103296  -2.389974575045062   1.400480149683435
   -1.225520808479746  -2.039484948456828   1.403624730060270
   -2.283399201378518  -1.676540293779010   1.397187411374044
   -2.299095305085290  -0.557873776731772   1.407873078860767
   -2.297047501505078   0.555101858659052   1.392100514491453
   -2.283025252716511   1.666068301522970   1.401817398252269
   -1.225432010957558   2.034132747173148   1.402681137602389
   -0.158813137501326   2.382504862252804   1.400425284006747
    0.909828364845159   2.713186507328870   1.390088209435882
    1.579765586318807   1.817313621023419   1.399386240524830
    2.238721639820073   0.910289996951612   1.399282981420180
    2.883535151683551  -0.003601301489623   1.389379832552794
    2.073234116080630  -1.490806460711011   0.444146765073967
    1.395656101535482  -2.389911612324745   0.438351168060508
    0.320751996243903  -2.738829182581523   0.439271062850344
   -0.756332162598235  -2.409692002894411   0.447046208583947
   -1.820141884116668  -2.040358096441373   0.443626266754842
   -2.483112781244198  -1.126223932131010   0.444221859156705
   -2.503807881342570  -0.003844616546198   0.445366966250335
   -2.483235050932330   1.123002271785215   0.440897180385595
   -1.820520702469625   2.034692860270834   0.444068994676235
   -0.755923657203057   2.402433508965841   0.446628440373947
    0.320985812268871   2.731437216494673   0.439077209286246
    1.395782664803656   2.382413841449234   0.438231554147634
    2.073252074792144   1.483314575322334   0.444142144402420
    2.718895600904128   0.561200630374873   0.437639300215212
    2.718902630540367  -0.568603106038934   0.437609729748465
    1.871953332098475  -2.043556250390614  -0.515900971383694
    0.807250968117937  -2.409976729030918  -0.521223226186787
   -0.269782476433871  -2.738991384376814  -0.513691002522089
   -1.344445037692141  -2.389450133310297  -0.512223159723672
   -2.021764670994855  -1.490737203771751  -0.518338119388232
   -2.666866287806634  -0.568693943798278  -0.512819372690829
   -2.666794677718765   0.561825764989343  -0.513098551924199
   -2.021003232967139   1.484250773182048  -0.519299294209721
   -1.344080419866833   2.382740549621505  -0.512627784266550
   -0.269303597881556   2.731613388925267  -0.514061462135859
    0.807559371774217   2.402458327308437  -0.521440683140433
    1.872148999116023   2.035923497292526  -0.516018875722218
    2.536276602581621   1.121852517258291  -0.516398900521597
    2.555891361179568  -0.003794010862766  -0.522640196149487
    2.536180647110172  -1.129472007784564  -0.516364272985916
    1.277136668355036  -2.043647274230700  -1.476518831212376
    0.210324438586162  -2.390045283609211  -1.475384814267484
   -0.858570224199340  -2.720748825046699  -1.464476350585139
   -1.528341453358543  -1.825028131378625  -1.473831590099730
   -2.186924069088634  -0.917759358950841  -1.473807001004964
   -2.831671544093608  -0.003533878982353  -1.464138481064153
   -2.186685169281497   0.910609289570296  -1.474110276138832
   -1.527774245423118   1.817829132927799  -1.474436362701682
   -0.857966358743435   2.713470329053564  -1.464969883677477
    0.210818401283788   2.382561756999925  -1.475744784508287
    1.277475472325744   2.035991621567679  -1.476724224171183
    2.336519457004715   1.675440192068715  -1.467865005874929
    2.352045783087862   0.556830176468381  -1.477465251608668
    2.351971044041333  -0.564601305985582  -1.477429453928389
    2.336291229271343  -1.683216960742572  -1.467755351139198
    0.507637087774077  -1.491087327628048  -2.084788690530598
   -0.567556213313597  -1.825149760960051  -2.068821276025775
   -1.240510507689260  -0.922896048579710  -2.083437586140502
   -1.890282356852716  -0.003669046307847  -2.068454583617544
   -1.240267993651880   0.915452779064564  -2.083686988376541
   -0.567083188571033   1.817673853249504  -2.069232152896381
    0.507946072515571   1.483420154152633  -2.084994784878785
    1.574052706484029   1.121807341734327  -2.070987480918110
    1.588333789209451  -0.003906797346479  -2.085717908276625
    1.573865268441043  -1.129609845923973  -2.070888134598205
   -0.272913991541296  -0.918003288207443  -2.659035168273194
   -0.936861309200517  -0.003800137487994  -2.658714291648867
   -0.272698035783816   0.910330612008526  -2.659226449868677
    0.801864287184533   0.561083417548919  -2.659988586733843
    0.801756915921091  -0.568906156645498  -2.659920973626201
    0.023833899305253  -0.003914629691135  -3.231903222037706
   -1.548111126056929  -0.012670545892271   3.084751493549440
   -2.320299311698111   0.548091118054468   2.495657750724853
