         -0.7376171515        0.1689613846        1.3178304876
         -0.0195020443       -1.4249998000        0.5275117806
          0.1026049046       -0.6071109707        1.3177027659
          0.5980904565        0.7421820735       -0.9534522718
         -0.5233185162        0.8570089272       -0.8138060407
         -0.0946451482       -0.0945134075       -1.2855809341
          0.8724810414       -0.3447273599       -0.7477134622
          0.1830789971        1.1855362980        0.0110138979
          1.0493452320        0.4509385975        0.0439862570
         -0.9479305128       -0.1552878940       -0.5481215788
         -0.0778983499       -0.9066241777       -0.4805912824
         -0.7681108215        0.6254288355        0.2790226622
          0.6330605961       -0.5571279506        0.3366221777
          0.2129954186        0.3752735333        0.7989218441
         -0.5317687897       -0.4563616363        0.4372460119
          0.0491346876        0.1414235473       -0.2405923149
