          0.5866081205       -0.7850947416        1.0582979827
          1.0078796706        0.3159713496        0.9822624342
          1.3457909198        0.5012473390       -0.1344690953
          0.6641733640       -1.2803192356       -0.0114448611
          1.1333785709       -0.4853219300       -0.7486017613
         -1.3567436138        0.4964147992       -0.3281889674
         -1.1504300090       -0.1298978051        0.6065927510
         -0.7436680282        0.9332837555        0.5331597905
         -1.0755373575       -0.6080899822       -0.4263343749
         -0.4173705484        1.1121744769       -0.5451413704
         -0.6224802990        0.1595551526       -1.1381431262
         -0.0971679866        0.1035248229        0.9607005695
         -0.3015806332       -0.8458532417        0.3697164469
          0.3543420939        0.8685545370        0.2513196162
          0.0235977340       -0.6675637937       -0.7049144946
          0.4289821591        0.3919920065       -0.7780861906
          0.5921146126       -0.2166464042        0.1432297986
         -0.3718887698        0.1360688949       -0.0899551479
