         -0.3515718247        0.5317889062       -1.4534155923
         0.3515702741       -0.5317884317        1.4534110441
         0.5150259127        0.9671295617       -0.8295100638
         0.5887209232       -0.0999706989       -1.2377766680
        -0.5672515621        1.1466832051       -0.5020173851
        -0.4480107892       -0.5799215319       -1.1626067753
        -1.1624411783        0.1905531188       -0.7078824655
         0.9446085232        0.3173380210        0.9464081420
         1.0183020493       -0.7497606704        0.5381414754
        -0.1376672307        0.4968926224        1.2739004713
        -0.0184288538       -1.2297096119        0.6133111560
        -0.7328572243       -0.4592353476        1.0680353576
         0.9406866024        0.1333540825       -0.1787522907
         0.2315066037        0.8981672402        0.2726307409
         0.3498702036       -0.8157499880       -0.3831049372
        -0.7976073753        0.4217440536        0.3472483611
        -0.7244548212       -0.6375152295       -0.0580186080
         0.1146600988       -0.1734354466        0.4740104578
        -0.1146603314        0.1734361450       -0.4740124203
