         -0.8796923277       -0.8816047327        0.9832336521
        -0.1058358822        0.9799119570        1.2435338069
         1.3521221682       -0.6358223442        0.5275609027
        -1.2790005874        0.6285478138       -0.6927573138
         1.2611785396       -0.4370834581       -0.6233747584
        -0.3737871908        0.3485658776       -1.3816650138
         0.6357248672       -1.2534241484       -0.1320227841
        -0.2893333429        1.2188719441       -0.6505920203
        -0.9919330730       -0.4712784613       -0.8869114872
         1.3382898267        0.4367348842        0.1043093640
         0.2801415263       -0.8821935996        0.8983655756
        -0.8236141213        0.9364025039        0.3295747855
        -1.2699477451       -0.1372962102        0.1794342856
         0.7264820292        0.1915019243        1.0485052200
         0.1601918943       -0.5519046761       -0.9172255503
         0.5880113507        0.4772620790       -0.7733275863
         0.3019955961        0.8558984494        0.2356650386
        -0.4053008581       -0.8455989241       -0.0022506112
        -0.3325743171        0.0331724021        0.7514364428
         0.4837042820       -0.2120926218        0.0788098465
        -0.3768226347        0.2014293410       -0.3203017946
