          1.6488484242       -0.1967641031       -0.0812849266
         1.2161129367        0.9206064018       -0.0953775092
         0.9696105027       -0.8423028666       -0.8282059169
        -0.7860054302        0.6407395208       -1.2769884138
         0.4396702359       -0.6248508412        1.3552633819
        -1.4741851066        0.3586865503       -0.3669912953
        -0.7075560776       -0.4260850257        1.2630017246
        -0.7335654436        1.2324680825       -0.2821765021
        -0.9710599018       -0.4660188495       -0.9882250624
        -0.2102140531       -1.2428737798        0.6314095182
         0.0266232417        0.4509131801        1.3355043694
         0.2399481282        0.9510988798       -0.8259365034
         0.0895343495       -0.1246143230       -1.2731026277
         0.8211328926       -0.8611066543        0.2943370480
         0.9674709048        0.1854573144        0.7293859915
        -0.8519728282        0.4924452153        0.5909264219
        -0.9971436750       -0.5457719108        0.1593472374
        -0.0663961782       -0.8309979806       -0.4102771494
         0.1706840561        0.8645268109        0.2945399662
         0.6338872354        0.0506047294       -0.3349573421
        -0.4163315912        0.2143159216       -0.3755210875
        -0.0090926222       -0.2004762722        0.4853286773
