         -0.3222944121        0.3477701243       -1.5289791926
        -1.2282284806        0.6245067309       -0.8148786435
         1.3296550018       -0.4446984987       -0.7725652699
        -0.1014271915       -0.1798073034        1.5874392037
        -1.0900597608        0.2944583247        1.1347406703
         1.4123519826       -0.6422235328        0.3942099434
        -0.9432602700       -0.4797959788       -1.0107281140
        -0.2367734194        1.2197531118       -0.7730822086
        -0.1001550345        0.8933937901        1.1547067890
        -0.8066362387       -0.8061420601        0.9170628034
         0.6901720629       -1.2633795947       -0.2627852399
         1.3966567768        0.4361643680       -0.0251401958
         0.2134627239       -0.5633107472       -1.0563430494
         0.6473575835        0.4804816730       -0.9103908395
         0.7770587730        0.1706609461        0.9196707120
         0.3431708585       -0.8731148423        0.7737208614
        -1.2074700486       -0.1292554058        0.0636939428
        -0.7735752947        0.9145368096        0.2096461228
        -0.3527506207       -0.8485849067       -0.1186523364
         0.3527472556        0.8485851099        0.1186608699
        -0.3150024388        0.1975270963       -0.4761787840
        -0.2420619057        0.0232923876        0.5530371689
         0.5570620973       -0.2208176018       -0.0768652142
