         -0.0384125599        1.3367981981        1.0865975343
        -0.3737276495        1.0155758130       -1.1714947901
        -0.0253027129       -0.9609499180        1.2725499208
         1.2600545764       -0.1104009013       -1.0401277653
         1.3913981491       -0.8553655320       -0.1188895213
        -1.2282659705        0.9141590972       -0.3707256261
        -1.0094329384       -0.3272828194        1.1643390122
         0.6016397572       -1.0574644776       -0.9409183884
        -1.0118823497        0.0431733513       -1.0967847316
        -0.7945971350       -1.1894100276        0.4273354862
         1.4267136867        0.2872781626        0.0288981721
        -0.2068387892        1.3805824648       -0.0628529480
        -0.0009849218        0.2128240846        1.3811006913
         0.1273751191       -0.0381648178       -1.2580681212
         0.3332741485       -1.2061017319        0.1861551862
         0.6302701404        0.7870525603       -0.6565402027
         0.8351615096       -0.3752111298        0.7806677118
        -1.2064217268       -0.1849582737        0.0224038462
        -0.7410080451        0.6385101500        0.6220100200
        -0.4027883327       -0.7345260609       -0.5365973582
         0.4243565714        0.6022967403        0.4265821409
         0.5411627345       -0.2339731295       -0.2663646728
        -0.2083197597       -0.2986895067        0.4640493335
        -0.3234235017        0.3542477045       -0.3433249300
