         -0.7465437524        0.5989000707        1.2699364913
          0.6509198356       -0.7941967406       -1.2141963615
          1.2387680617        0.2323837430        1.3311351813
         -0.8980716507        0.4630860096       -1.5295330300
         -1.4255385010        0.9889204881       -0.5919085484
          1.7662146976       -0.2933927903        0.3934880548
         -1.5477821222       -0.1486423670       -0.7873500313
          1.0419876972       -0.8839920450        1.0818623058
         -0.9118512028       -0.5391315492        1.0512213475
         -0.0413688137       -1.4068925105       -0.4961186039
          1.3433691870        0.7791576826        0.3187885565
         -0.3452434945        1.2586076589       -0.9000448705
         -0.5335491864       -0.5764622366       -1.1748847406
         -1.3600015007        0.2474092311        0.2942020937
          0.1608619312       -0.1844425396        1.3919265826
          0.9873015038       -1.0082758203       -0.0771696267
          0.3391053593        0.8402068051        0.9108371973
         -0.6073985692        1.1089645991        0.2276520418
          0.2143812560        0.2897568899       -1.2331342145
          1.1608679791        0.0210282509       -0.5499789562
         -0.8479733925       -0.6968865241       -0.0862109038
          0.0415483035       -0.9494539474        0.5558217792
          0.3505970221        0.7157911294       -0.2041643892
          0.7269350226       -0.0820815300        0.4549763846
         -0.6200231383        0.3003615995       -0.5172400640
          0.1652748706       -0.3736639342       -0.3759735683
         -0.3027874031        0.0929403769        0.4560598924
