         -0.9085382265        1.0225444534        0.9461014802
         1.3124274045        0.5562993822       -0.7893295098
         1.3439500315        0.2153481007        1.2197888623
        -0.5746955417        0.9701200972       -1.4384204453
        -1.1728356196       -0.8375243723        0.6087249949
         0.4068054879       -0.3165004274        1.7289614494
        -1.4972140299        0.4325160271       -0.9089850038
         1.0919441547       -0.5862206765       -0.9545953655
         1.1146968996       -0.9145891799        1.0184273397
        -0.7624879688       -0.1761276113       -1.5823424699
        -0.4552171666       -1.4505489041       -0.0833008886
         0.2962731922        0.7492068729        1.2942580025
        -0.8712876767        1.2085094200       -0.3233493912
         1.4309343417       -0.2248347611        0.1322363088
         0.3232918171        0.2108985816       -1.4023609528
        -1.1386495187       -0.6136280877       -0.5696368368
        -0.0414969107       -1.0452337947        0.9504282855
         0.9576368995        0.7982416614        0.2978864517
         0.2704278380        1.0685815693       -0.6542148670
        -1.1878045120        0.2425846213        0.1896000334
        -0.5238716945       -0.0185958839        1.1094535192
        -0.0501183728       -0.7359633208       -0.8912871532
         0.5974812145       -0.9907208681        0.0059374675
         0.4910419794       -0.1191917652        0.6888020828
        -0.4797535664        0.2627062399       -0.6561978780
        -0.1399269064        0.6630814451        0.2892715769
         0.5002764798        0.0473837653       -0.3476339784
        -0.3332900294       -0.4183425846        0.1217768856
