          1.0037576945        0.9419411462        0.8224651976
          0.8352646489       -0.1031611569        1.3648902132
         -0.3664803543       -1.4590079508        0.5551488434
         -0.9183281402       -1.2265861430       -0.4726107782
          0.0830852351        1.3297492249       -0.8922267034
         -0.6372331254        0.5170933131       -1.3775896237
          1.5804214310       -0.0217152946       -0.8535129858
          1.4121536637       -1.0655091601       -0.3117723911
         -0.9886613915        1.2586643684        0.8154770725
         -1.1569402082        0.2148651509        1.3572093164
          0.8609884572       -0.8333544681       -1.3382328317
         -1.7080566469        0.4470121680        0.3307204239
         -0.0807921942        0.6807280094        1.2865116416
          1.4228154235       -0.0686320141        0.3097048905
         -1.2206038326       -0.6052333674        0.5184927716
          0.5495848609        0.2991822020       -1.3166102779
         -0.9539931266        1.0485395033       -0.3398193965
          0.2829819321       -1.3545877916       -0.4582901086
          0.0179484520        1.1909487279        0.2597188634
         -0.2456593038       -0.4441980106        1.1083679550
          0.9091260048        0.7468047916       -0.3192317497
          0.6455257876       -0.8883404013        0.5294229186
         -1.1090376552       -0.0805377010       -0.4996615335
         -0.2178838370       -0.5246718402       -1.0785915027
         -0.6608988581        0.3293794131        0.4293467203
          0.6609043746       -0.3293794973       -0.4293505046
         -0.2663819784       -0.5567983275        0.0171123958
         -0.1148898529        0.3828990798       -0.4705920068
          0.3812825391        0.1739060258        0.4535031702
