          1.3326040733       -0.4756268396       -1.0972293264
         -0.0767181915       -1.0526659039        1.2498802126
         -0.4578346627        0.6739744357       -0.9279423608
          0.5417875393        1.5576559513        0.3408298072
          0.2300628148        0.6321578140       -0.0988843250
         -1.4874284560        0.3199254685       -0.7323317184
          0.2948889011       -0.6060924495       -1.4888522403
         -0.2430358182       -1.1623105802        0.1543163858
          0.7395449828       -0.3123781238        1.4235344493
         -0.1831128438        0.8554581728        0.8715428425
          0.3702433121        1.4443232859       -0.7828491317
          0.6154824618        0.3710691277       -1.0709145180
          0.9392766881       -0.1640195506       -0.1268701123
          0.8930607837        0.5544439241        0.7472492633
          1.2564522278        0.8922011603       -0.2818141389
         -0.5256630834        1.3947313318       -0.0604231876
         -0.9399847414       -0.5440907584        0.7665182589
         -0.0818842531       -0.3037699830       -0.5130386002
         -1.1078536516       -0.6549516771       -0.3329396935
          0.0824462612       -0.1952265329        0.5632672036
          1.6108508165       -0.2918023883        0.7252247827
          0.6235446956       -1.1385621105       -0.5476845763
         -0.3408607031       -0.0065198483        1.5490804624
          0.7911682689       -1.0278391960        0.5501714435
         -1.2134825094        0.5008278313        1.0619757489
         -1.8037098558       -0.0385022932        0.2792810884
         -0.7646815536        0.3012238752        0.0863796648
         -0.4111926930       -1.2735806138       -0.9407994001
          1.6591423819       -0.9945100588       -0.1530094757
         -1.5601073697        1.0430106482        0.1330632104
         -0.7830058225       -0.2985541187       -1.3467320194
