         -1.5935155548        0.1826603507        0.2581425198
          0.5812451639       -1.1982450071        1.4417403430
          0.1668386601       -1.8400182877       -0.6623669683
          0.8373311309        1.0255350426        1.4489273629
          0.1667970271       -0.0128761014       -1.9555663847
          0.5812030619        1.7581269149       -0.6507176015
          1.6012025884       -0.1835566803       -0.2593744768
         -0.4654486449       -1.4507370832        1.1349781865
         -0.1243481138        0.5769721610        1.8058475505
         -0.6745622820       -1.7745531676        0.0732813962
         -0.2535765588       -0.5451214951        1.8022122586
         -0.8055677624       -0.4779764226       -1.6528895358
         -0.8055338171       -1.3999332446       -1.0003684694
         -0.6746039494        0.6591446064       -1.6492039501
         -0.1243577940        1.5112712273        1.1445589598
         -0.2536031397        1.8809213920        0.0851095388
         -0.4655038248        1.5527553557       -0.9908027974
          0.7120636293       -0.0866998986        1.4524582046
          0.1669669604       -0.9308647272       -1.3152123005
          0.3752021033       -1.5264317654        0.3916808096
          0.3751601254        0.8769338759       -1.3093570431
          0.7120493207        1.3986539333        0.4011457225
          0.8853746657       -1.0142380806       -0.4618912250
          1.0930777955        0.7893673014       -0.4560533559
          1.0931007320       -0.6925381474        0.5928136376
          1.2214669083        0.4221472965        0.5964203066
          0.8853577529       -0.0983657266       -1.1101219189
         -0.8408422932        0.0932278856        1.1152521125
         -1.1812410621       -0.4339391956       -0.6130663635
         -1.0512023324       -0.8058520912        0.4528416223
         -0.8408563567        1.0207817642        0.4587396098
         -1.0512349801        0.6949832700       -0.6094104993
         -0.5444411738        0.0624080856        0.0881955175
         -0.1907825290       -0.8687675584       -0.2798521467
          0.0119126952       -0.5548658654        0.7493064746
          0.1371681247        0.5328302015        0.7528245353
         -0.1908017368        0.0249274476       -0.9123821625
          0.0118874289        0.8911558994       -0.2741535254
          0.5166180312       -0.0592234656       -0.0836859441
