          2.1403487385       -0.2977986234       -0.6937961812
         1.9021276024        0.6590777588       -0.1337990710
         1.3140605543       -0.5578914090       -1.4256145415
        -1.9398137916        0.7795369605        0.1486807763
        -0.2736609008        1.2486337019        1.5705410906
        -1.4134049357       -1.1099976418       -0.9331500331
         1.2800580540       -0.3498253213        1.3675667230
         0.5756217450       -1.8076141638       -0.1798789888
        -0.8826692288       -0.8663157244        1.2179360763
        -1.1944830244        1.5751580488       -0.1110440396
        -1.5548424582        0.8294161554       -0.9026501590
        -0.3524969278        1.8107594645        0.6044134675
        -1.2868903372       -0.1229104638       -1.4481807044
         0.6641986977        1.4529382388        0.9938455380
        -0.4941084643       -0.9441084594       -1.5506241818
         0.6257088346        0.8568252667       -1.0920207742
         1.4473856210        0.6460966043        0.8864476866
         0.5111662942       -1.2913530689       -1.1701591277
         1.7140004192       -0.3282770390        0.3410213407
         1.3610616574       -1.0586628626       -0.4342848587
        -1.1116077149        1.0197415351        0.8638158377
        -1.6846597935       -0.1661547360       -0.3950149747
         0.5072400129        0.4514374419        1.4752481530
        -0.4191744562       -1.4657217705       -0.5598198783
        -1.4141142916       -0.0433662895        0.6845944804
        -0.5795024815        0.1920528528        1.3975644641
        -1.1509212682       -0.9904640302        0.1423209060
         0.9301178801       -1.0835468071        0.5973544717
         0.1997183699       -0.6085400016        1.2954638896
        -0.1536892227       -1.3398956150        0.5191284774
        -0.5018463491        0.6022113239       -1.1583916001
        -0.1456459874        1.3393475949       -0.3759211159
         0.2750212452       -0.2115753897       -1.2578670888
         0.8539611002        0.9865043638        0.0138964960
         1.1080546506        0.0170165319       -0.5204451559
         0.1090599601        0.3033435885       -0.3354190075
        -0.8943931184        0.5326322139       -0.0946221908
        -0.6363588198       -0.3924338459       -0.6238406868
        -0.0786149839        0.7617856369        0.6013659568
         0.3382584842       -0.7332578180       -0.2576186126
         0.6835434937       -0.0187139363        0.5008727524
        -0.3778148588       -0.2760902659        0.4320843884
