          1.3572700152        1.5176045871        0.2862467591
          1.1230373217        1.4146322341       -0.8407205821
          0.2168084332        1.1779188049        1.8318746067
          0.3344771278       -1.1531656064       -1.7774655304
          0.0017017023       -2.1045599341        0.2324981174
         -0.5324839479        0.9106999176       -1.7153308567
         -1.0707286731       -0.6265016039        1.5267517038
         -1.4222114067        1.2263955780        0.3169059515
         -1.5549021382       -0.7746486095       -0.6538335418
          1.1910338147        1.0305323350        1.2972681082
          1.0106173186       -1.6996388968       -0.0336829343
          1.1781312633       -1.2207228413       -1.0441271851
          1.0092881793       -0.2625470553       -1.6536906609
          0.6766312556        0.1520752037        1.8276802370
          0.5678831631       -1.5228419006        1.0110012581
          0.5784221359        0.7833904052       -1.6100972078
          0.0350477941       -0.7654418267        1.6624349486
          0.3838146864        1.6691322386        0.8346216565
          0.0114547519        1.5300780042       -0.9587933155
         -0.4348329951        1.6882825323        0.0665981764
          0.1666568136       -1.6398913336       -0.7779600523
         -0.4294134221        0.2741957067        1.6878216672
         -0.0988121339       -0.1192081370       -1.7558398966
         -0.5366411033       -1.3712357594        0.8867916310
         -0.6062156823        1.2047247866        1.0784542778
         -0.9825869302        1.0739439818       -0.7025788743
         -0.6121018431       -0.9658011112       -1.2196926137
         -0.7790918819       -1.4437930165       -0.2103456378
         -1.4946505196        0.2265043740       -0.1691881922
         -1.0489226483        0.0686431095       -1.1899663240
         -1.2533630859        0.3007121266        0.9264128357
         -1.3192247037       -0.7038396686        0.4386279006
          1.2758268292        0.4171732949        0.3802938355
          1.2069451668       -0.6147585026       -0.1191643402
          1.0381754830        0.3228086229       -0.7188097331
          0.7683763986       -0.4431759740        0.9036369653
          0.3527232373        0.0092204239        0.0327160195
          0.4465088661        1.0560905635       -0.0725095550
          0.2824088148        0.5818073318        0.9118121867
          0.3397164670       -0.5601827806       -0.8530162251
          0.1771565305       -1.0250268621        0.1295112686
         -0.0866629892        0.4509625213       -0.8235440635
         -0.3504498583       -0.3019838767        0.7635617925
         -0.5261113232        0.6052917403        0.1709667982
         -0.5907062840       -0.3738551277       -0.3041313794
