          1.8550294782       -0.5792608982        0.9542438628
        -0.1612294178       -0.5019770542       -2.0998277923
         0.4607478229        0.9045666916        1.9122531914
        -1.5554962808        0.9818347819       -1.1417921660
         0.6635509531       -1.8149698160       -0.4839835863
        -1.5844239232        0.5773511367        1.0606181637
        -0.2367454855       -1.1661566543        1.4616223105
        -1.4636712601       -1.1191390898       -0.3968413089
         0.1756124165        0.5517002244       -1.9272058479
         1.8533026954        0.4873905882        0.6140131394
         1.1524806521        1.2332237431        1.0955546095
        -0.5251853971        1.2975388429       -1.4456219789
         1.9094745091       -0.3693994149       -0.1498399497
        -0.9672009939        1.6357805372       -0.4401910665
         0.8798994727       -0.3299050022       -1.7093645040
         0.0623924303        1.5963259428        1.1192823832
         1.3011451645       -0.9819132926       -0.8838523380
        -0.9666268936        1.4314874364        0.6743592535
         1.1644991429        0.1616117129        1.4444737872
        -0.8661045467        0.2394465887       -1.6313220445
        -0.5670459800        0.7465014770        1.4927029826
         1.2659073240       -1.2041737288        0.2332752307
         0.2553074606       -1.1654355326       -1.2975118164
        -1.5776456085        0.7852019176       -0.0380670399
         0.8116503393       -0.8761140118        1.2108544109
        -0.8142292202       -0.8137926730       -1.2519023566
         0.1113418511       -0.1308277820        1.6920312783
        -1.5145281849       -0.0685254345       -0.7707132677
        -0.8535084332       -1.1470892343        0.5344594283
        -0.4020074532       -1.4744829244       -0.4425055619
        -0.9152716303       -0.2958973084        1.2673766120
         0.2143875628       -1.4981064286        0.4911691612
        -1.5316664528       -0.2722856805        0.3337071840
         0.3801566248        0.9480209468       -0.9151150517
         1.0126467824        0.9237988171        0.0429666651
         1.0670678709        0.0803730286       -0.7024207517
        -0.0571955903        1.2768272477        0.0700414052
         0.1928642266        0.2591931856       -0.1207672850
         0.3222118077        0.5715467754        0.8754778754
         1.0037524966       -0.1537593890        0.4071947099
         0.0167976859       -0.1159282668       -1.0877649563
        -0.6647372784        0.6093755677       -0.6194671044
         0.4196748451       -0.7611464601       -0.2963218839
        -0.6808767556        0.4100807713        0.4598859155
        -0.6233773261       -0.4229441111       -0.2521901297
        -0.0231275030       -0.4459477736        0.6570262280
