         -0.0142975686        0.5057755356       -1.9483701734
         -1.0579816646        0.7875554686       -1.5207209488
         -1.1579109876        1.3348801150        1.2723147938
          2.1297458619        0.4472536942       -0.0748016661
          1.1481076824       -0.9861739234       -1.5014780135
         -2.1233495478       -0.1029235515       -0.1609974889
          0.8773751547        0.5341204599        1.7893096201
         -0.6921322752       -1.7962950938       -0.5055666298
          1.1523937086       -1.4043887420        0.6989732205
         -0.8546471944       -0.8625127917        1.5213586777
         -1.1909149862        1.5675495421        0.1740313680
          1.5258143889        0.8340678644       -0.9391471704
         -0.2393221318        1.7686780944        0.7922385623
          1.4393901875        1.3154466542        0.1043882500
          1.0167119225        0.1184554075       -1.6587401174
         -1.6660983975        0.8427785253       -0.5594584583
          0.7931690161        1.3629279405        1.0376954806
          0.1353193969       -0.5972473049       -1.7878191025
         -1.5235096926       -0.1493861117       -1.1081133955
         -0.7956841036       -0.9986679164       -1.2838478100
          1.6490251279       -0.2726270649       -0.7949039153
         -1.6526550384        0.6187840708        0.5579597120
          1.5125286271        0.4943273585        0.8653633967
         -0.1388149723        0.9401701406        1.5420006215
         -1.4148303989       -0.9560348008       -0.3347879188
          0.2285346701       -1.3997216539       -1.0081574860
          1.6470140519       -0.4800069029        0.3131938479
         -1.0098107809        0.2373027111        1.4018277808
         -1.4958136861       -0.4859025031        0.6834995276
          1.1552272185       -1.2016494406       -0.4027651877
          0.2319196923       -1.6095373616        0.0972526729
         -0.7781231619       -1.3368386465        0.5111181211
          0.0112529262       -0.1654380499        1.6638986115
          1.0200683259       -0.4378058726        1.2505364702
          0.1498915059       -1.1393538046        1.1165405892
          0.4283590321        0.7436327583       -0.9691118284
         -0.5785516275        1.0154854350       -0.5565305338
          0.3449581189        1.2100168461        0.0445842955
         -0.0011690306        0.2195755375       -0.1475330301
         -0.4400455489        0.0126311647       -1.0822586679
         -0.5669111981        0.7630394901        0.5490477360
          1.0415738187        0.3287687868       -0.1100284326
          0.5613778132       -0.3742553642       -0.8092294484
         -1.0408356689        0.0583212846       -0.1527221905
          0.4293509647        0.3704927908        0.8037159416
         -0.3396678556       -0.7748457843       -0.3184124713
          0.5629046416       -0.5827548396        0.2711716641
         -0.4189363363       -0.3176701516        0.6734811237
