         -0.8731418328       -0.1910964339       -2.0049734630
          2.1481056009        0.4508419161       -0.0344845237
         -1.1409460960        1.3388585740        1.3131951849
          1.1619453242       -0.9808237523       -1.4620147455
         -2.1034221452       -0.0992244121       -0.1240217077
          0.8960390917        0.5381039457        1.8322581339
         -0.6735942517       -1.7925612743       -0.4627847408
         -0.8371145795       -0.8584214149        1.5631790288
          1.1710600208       -1.4006163597        0.7403152541
         -0.0003786861        0.5096103301       -1.9048840676
          1.4582465491        1.3192310973        0.1463797421
         -1.1728988954        1.5705856000        0.2141048332
         -1.0361055788        0.7892468579       -1.4804725952
          1.5425552946        0.8374661429       -0.8985328557
         -0.2214904438        1.7727442301        0.8345693004
          1.0296242186        0.1226875358       -1.6186401926
         -1.6456738797        0.8449720572       -0.5224281502
          0.8117682406        1.3671303493        1.0803345113
          1.6657811687       -0.2685828753       -0.7550827947
          1.5315964721        0.4979410989        0.9074165337
          0.1476280673       -0.5911649551       -1.7452446174
         -1.5002726434       -0.1462551972       -1.0700065160
         -1.6348496414        0.6225352772        0.5973611088
         -0.1211370260        0.9441813911        1.5846019371
         -0.7762256310       -0.9952909611       -1.2385883401
          1.6657934063       -0.4764177957        0.3541221763
         -0.9926990061        0.2413512358        1.4434377538
          0.0293112030       -0.1615891930        1.7067398056
          0.2451308873       -1.3944610101       -0.9671182298
          1.1725878484       -1.1973948333       -0.3622199410
         -1.4778012603       -0.4818247849        0.7237869978
         -1.3955861750       -0.9514913609       -0.2948260552
          1.0389793814       -0.4341980696        1.2930227255
          0.2504815198       -1.6056374355        0.1390337289
          0.1681836224       -1.1355071724        1.1586481394
         -0.7601826005       -1.3327628744        0.5531599215
          0.4455115126        0.7474351479       -0.9266043904
          0.3637141507        1.2148456330        0.0871171852
         -0.5593141295        1.0187342793       -0.5148564965
          0.0188031345        0.2242525217       -0.1018847194
          1.0605754641        0.3327405788       -0.0678109958
         -0.5489292264        0.7672880622        0.5916676508
         -0.4178703369        0.0186055842       -1.0320765286
          0.5787712225       -0.3698066377       -0.7669243435
          0.4484528945        0.3746204925        0.8476082048
         -1.0215952194        0.0622705763       -0.1111679568
          0.5818823858       -0.5788864068        0.3138759184
         -0.3206463020       -0.7706546198       -0.2747637827
         -0.4006530951       -0.3136106849        0.7164769738
