          0.9983704769        0.6841260089        2.1962217905
          1.6881930816       -0.1083295932        1.8510376411
          2.1571221444        0.6189651067        1.1188567255
          1.4672336997        1.4113977782        1.4639619707
         -0.6204881281       -1.3511651353       -1.7394163999
         -2.0228979019        0.2595558733       -1.0376609869
         -1.6113285100       -1.5229200521        0.2754548995
         -0.1042866473        0.8144379525       -2.0778352468
          1.4855777998       -0.6290123413       -1.4169345673
          0.5537893608       -2.0741765618        0.0380324831
         -1.7166619754        0.5335876371        1.1741697565
         -0.7849060725        1.9787293869       -0.2808575588
          1.3876508011        1.4263721137       -0.5007766634
         -0.1119827918       -0.8995735149        1.8409608390
          1.7928585136       -0.3688500035        0.7818090463
          0.3721491087        1.2629063452        1.4926979624
         -1.3305795955       -0.5494787582       -1.3978751839
         -0.5317343543       -1.8115689022        0.1597564467
          0.6972301041        0.0944942692       -1.7592550052
         -1.6751187254       -0.4983153205        0.7319137173
         -0.4461935365        1.4077227606       -1.1871402445
         -0.0325149452       -1.7254376555       -0.8565455532
         -1.4140541985        1.1280621842       -0.6631800656
          0.4367443526       -0.9976387742       -1.5892786813
         -1.8832876756        0.4002799695        0.0695758750
         -0.3643455253       -0.2699321941       -1.9223090362
         -1.8300973346       -0.6362781937       -0.3831057725
         -1.1236892503       -1.4476254118       -0.7365994797
         -1.0707645487        0.5414063312       -1.5688293928
         -0.8677247695       -1.2203535771        1.0670222051
          0.6472410357        1.1293128669       -1.2986467737
          1.0280778700       -1.3609212653       -0.6933447661
         -1.2587766371        1.2656484414        0.4509661609
          1.4477841362        0.4027917865       -0.9647066508
          0.3052341251        1.7150325134       -0.3930465506
         -0.9195881297       -0.1846658467        1.5196205285
          0.2229185753       -1.4969270855        0.9478971916
          1.6549338519       -0.4969067156       -0.3154766859
         -0.6714888771        0.9030302036        1.3486507805
          1.1837063424       -1.2277676688        0.4203318619
         -0.2002784320        1.6338732309        0.6128170840
          0.8487576929       -0.6305136349        1.3287915686
          0.8963119927        1.3511613227        0.5045417900
          0.1420396497        0.1812268503        1.6824595675
          1.6030759501        0.5394430463        0.1509352948
         -0.1155449974       -0.0477210884       -0.1213872431
          1.0752867156        0.4440508252        1.1296762512
         -0.3630569335       -0.6878495258       -0.9157065637
         -1.0520348759        0.1034703011       -0.5709522411
         -0.8496913880       -0.7719907347        0.0739105757
         -0.1096193992        0.3758308228       -1.0817346594
         -0.9024591928        0.2375630097        0.5146008837
          0.6705370989       -0.3333396221       -0.7582594916
          0.2127578763       -1.0433312856       -0.0434465580
         -0.4446990140        0.9475481627       -0.2002273488
         -0.1133305969       -0.4656878582        0.8424154650
          0.6228380756        0.6760938923       -0.3071389323
          0.1228129604        0.5965933688        0.6712189295
          0.8219915678       -0.2064360405        0.3213690109
