          0.5803909112        1.7041098411       -1.7138632177
          2.0620578986        0.1953331485       -1.3631091158
          2.2226105581        0.9422020704       -0.5660712187
         -1.3486453174       -0.0597157882        1.8842724390
         -1.6754410911       -1.5802606516        0.2617025574
          0.1833668129       -1.6724936782        1.5304114654
         -2.1509869687        0.5885899999       -0.1183287152
          0.8458411312        0.4337629740        1.9437067171
          0.3166726326       -2.0283063946       -0.6835711147
         -0.5983476196        1.8314198993        0.9251230895
         -1.1275989734       -0.6309412733       -1.7024582707
          1.8777632537       -0.7701036903        0.3434558602
          1.4956086217        1.6448951203       -1.0743279747
          1.3342441470        0.8943120903       -1.8752850748
         -0.4391389253        1.4763970805       -1.2950863406
          1.0538837449       -0.1514959966       -1.6492497968
          1.3854049158        1.3907778072       -0.0034828278
         -1.5220406136       -0.8252632553        1.0799468197
          0.5206907516       -0.6234751136        1.7486002381
          0.2542330664       -1.8632205165        0.4256683221
         -0.2525535591        0.1891437676        1.9281896390
         -0.6838835683       -1.8177494366       -0.2133533285
         -1.3834842119        1.2201182587        0.4043716639
         -1.6499268622       -0.0195327194       -0.9184571745
         -0.9795525381        0.8932911139        1.4145441136
         -1.4108398190       -1.1134031956       -0.7267861350
         -0.7506213499       -1.6380810609        0.9021584333
         -0.5860043542       -0.8721485780        1.7194830532
         -1.7624254171        0.2670005053        0.8888052582
         -1.9270184752       -0.4988393489        0.0715803845
          1.0396067507       -1.2307373000        0.9439488535
          0.1253930904        1.1410660312        1.4446010697
         -0.4076938303       -1.3391746479       -1.2020639099
         -1.3062121446        1.0419867605       -0.7133466326
          1.1070457205       -1.4078800144       -0.1718698966
          1.3732999293       -0.1690703077        1.1500714542
          1.1313238728        0.9177960069        0.9723984825
          0.6987583941       -1.0947489280       -1.1751934536
         -0.5248147833        1.6675761530       -0.1881615332
         -0.7912159735        0.4281912986       -1.5107131384
         -0.0324381231       -0.3915819718       -1.6902768572
          0.4008650050        1.6242894459        0.4608703272
          1.6486825262        0.3124411235        0.1578032837
          1.4843612240       -0.4520720912       -0.6580291546
          0.4773311791        1.4414476747       -0.6508559760
          0.3101730397        0.6638176595       -1.4806516071
         -0.1408350387       -0.0985315094        0.1207126907
          1.2063804338        0.6199718942       -0.8240043853
         -0.8940556306       -0.8260982157        0.1893249416
         -0.7334695306       -0.0789281082        0.9866278773
          0.0189078439       -0.8712224381        0.8126419864
         -1.1276198650        0.2391815189        0.0029939391
          0.3432196032        0.1627262281        1.0167812761
          0.0832277233       -1.0469378061       -0.2740481633
         -0.3656146772        0.8496365275        0.5156312446
         -0.6255652337       -0.3598182719       -0.7749837112
          0.8506657248       -0.4286975371        0.2304025491
         -0.2898553928        0.6749814129       -0.5741438531
          0.6095098321        0.6315052172        0.0624014952
          0.4463795490       -0.1274387843       -0.7474589478
