          0.9374602143       -0.6028942475        2.1978846930
         0.9930673641        2.2439483890        0.0859426199
         0.6187064989        2.0700136867        1.1098073622
        -2.2000677041        0.1556981553       -0.8681801828
        -0.8228421028       -1.3443884959       -1.8235125402
        -1.5880694300       -1.6990554701        0.2635911214
        -0.4229214581        0.8622644987       -2.0536525521
         0.5616701092       -2.1331749403       -0.2304511070
        -1.6818295979        0.2832232086        1.3128814410
         1.2776331675       -0.5565261103       -1.6667639333
        -0.9418560032        1.8712368898       -0.1127732113
         1.8048005617       -0.2385248246        1.5919800481
         1.1235478303        0.4953469730        2.0643937711
         1.8381771071        1.5128880768        0.3148692312
         2.1390269764        0.5824962666        0.8780604382
         0.0512596508       -1.1136989840        1.7113313239
         1.4416650052        1.3139839788        1.3364427569
         1.2063732142        1.4139568842       -0.6049128576
         1.8057012487       -0.4152693592        0.5046957000
        -1.9538300927        0.2240654176        0.2252441856
        -1.6447220530       -0.7132847847        0.7969292343
        -1.5213621828       -0.5977998515       -1.3543192392
        -1.2135682849       -1.5320408453       -0.7845858794
        -1.3201616158        0.5148901921       -1.4706497765
         0.2304456335       -0.9566305272       -1.7577004842
        -0.5152488840       -1.9296004626        0.0193606332
        -0.6269257785       -0.2420079363       -1.9528383780
        -0.1305864788       -1.7517138842       -1.0335398811
        -1.9075829453       -0.7767288814       -0.3035546411
        -1.5827755012        1.0223689883       -0.4934375141
         0.4319722273        0.1558167746       -1.8721139779
         0.9272705866       -1.3539206326       -0.9547629105
        -0.7759880610       -1.4191880706        0.9971755045
        -0.6844202216        1.3785184498       -1.0887328648
        -1.3192451060        1.0869607351        0.6041423940
         0.3075911696       -1.6364436758        0.7478815451
         0.3946847195        1.1558315982       -1.3362016082
        -0.8229092738       -0.4213985476        1.5240999449
         1.2515765269        0.4377319097       -1.1421897493
         1.1968032575       -1.2837145179        0.1429172799
         1.5565344258       -0.4888464701       -0.5802591279
        -0.6453086996        0.6883121939        1.4100352282
         0.3860392615        1.0663473538        1.4840552124
         0.1383485276        1.6619624001       -0.3520634934
        -0.2590255676        1.4926283580        0.6887699737
         0.2250635669       -0.0170251190        1.6046788513
         0.9355905849       -0.7700074863        1.1118805283
         1.5126057634        0.5073054573       -0.0403887827
        -0.2007412657       -0.1355280301       -0.1757753218
         0.7986605440        1.2261708850        0.4394791784
         1.0882219992        0.3241914193        0.9880463376
        -0.5049757532       -0.7289395393       -0.9847888773
        -1.1819799187        0.0086368959       -0.5149988105
        -0.8813981164       -0.9031833153        0.0410326697
        -0.3097139601        0.3544826210       -1.0983501091
         0.1743064963       -1.1167975241       -0.2023664248
        -0.9292761624        0.0693525798        0.5556256504
         0.5255143890       -0.3427573474       -0.9086681733
        -0.5649817412        0.8512834589       -0.1447740922
        -0.0807771120       -0.6193300347        0.7504697159
         0.4862474189        0.6277616554       -0.3909199810
         0.7835637238       -0.2760624445        0.1566635384
         0.0849613020        0.4568060092        0.6378583698
