          0.9974783065       -2.1353166377        0.7733446449
         -0.1246329305        0.3482998958       -2.4526946174
          0.1613875096       -2.4303505443        0.1137001015
          0.9446887283        0.1657919348       -2.2418011490
         -1.4883217360        0.7467355725        1.7703164583
          0.0438832926        2.2106689786        1.0088190700
          0.6923573214        0.3996088947        2.1912598462
         -1.6687518919        1.5994241003       -0.3126801173
         -2.0906146133       -0.5769260884        0.0601541338
          1.8600691419        1.0489244516        0.3834163839
         -0.6151966623       -1.3310300977        1.5887437678
          0.4022579949        1.7669457762       -1.1790901389
         -0.3049596737       -0.7601635121       -2.2494755942
          1.5596875974       -1.8086654558       -0.1645881890
          0.0132722460       -1.6674346641       -1.6506028282
          1.4716193021       -1.3726519378       -1.2063015878
          0.7677201263       -0.9352204611       -2.0060893184
          0.7035241737       -2.0769263344       -0.8245486147
          1.4510648938       -1.1323519482        0.7274582058
         -0.9181427403        0.0412519230       -1.7527928877
         -1.8020719012        0.0825675842        0.9214468140
          0.9601306563        1.6412221554        0.6984645117
         -0.4001911377        0.5750126749        1.9944835778
         -0.8174930550        1.9180924905        0.3483539426
         -0.7268533861        1.4881895188        1.3984782337
         -1.5904281577        1.1811143335        0.7335628693
          0.3715775933        1.3143567383        1.6115009434
         -1.8927405276        0.5137791817       -0.1300558462
          1.2868081832        0.7267652292        1.2958627931
         -1.0595956808       -0.2957450096        1.6922372195
          0.2253094526        2.0038638622       -0.0870624601
          0.0402835264       -0.4724188231        1.9015961372
         -0.6364949264        1.6930518294       -0.7545160632
         -1.3602759371       -0.9631868858        0.8295503999
          1.1389145368        1.4163654455       -0.4036696863
          1.0797317105       -0.3775048158        1.4729814388
         -1.3004507530        0.8293380356       -1.0483489118
         -1.5138062005       -0.2677118306       -0.8572837618
          1.6675533443       -0.0470939242        0.5614749332
         -1.1992767029       -1.1719976242       -0.2648025424
          1.5837642934        0.3848013968       -0.4749409622
          1.2882419587       -0.2831979692       -1.3014828098
         -0.3050182782       -1.7298044704       -0.5902223889
          0.4210934256       -1.2523266380        1.1605553830
         -0.2519682452        0.9060067317       -1.4859852797
         -0.4441536408       -1.5569498980        0.5028365844
          0.8435458267        0.7392160128       -1.2712919271
         -0.6015276965       -0.8531083426       -1.1822231384
          1.3705606713       -0.7213772878       -0.2973880643
         -0.1140883310        0.2335677014        0.2195020190
          0.5726025798       -1.4202280926        0.0632747864
          0.1826879593       -0.1261303808       -1.5164517577
          0.4887664436       -1.0006799290       -0.9403783248
         -0.0354852065        1.2040256888        0.6059444841
         -0.7890271881        0.4840793889        0.9804262036
          0.2826208679        0.3150097890        1.1877808473
         -0.8780290152        0.9039986214       -0.0422216319
         -1.0863280370       -0.1638138783        0.1415371094
          0.8562123671        0.6349220725        0.3012034611
         -0.3603121035       -0.5363264229        0.8920277205
          0.1402501293        0.9868333189       -0.4686526101
         -0.5121752626        0.1456555372       -0.7485717045
          0.6538131213       -0.4356711426        0.4760527989
         -0.2094086967       -0.7315738411       -0.1738024827
          0.5743410337       -0.0156019781       -0.5283304279
