         -0.6745155491        0.1381297144       -2.3010790732
         -1.2908515208        1.8884826447        0.7307160705
         -0.7664850605        2.1646033785       -1.4103606628
          0.6159463392       -2.1012576200        1.3442922687
         -1.5352202972       -1.4387969584        1.1916464388
         -0.4770359927       -2.2657556233       -0.6223576693
         -0.0553472598       -0.1969373869        2.3525713182
          1.6518637959       -1.5323575013       -0.5790168980
          1.9129123672       -0.2573084445        1.2578608334
         -1.5559326223        1.5193391029       -0.8490141679
         -1.8210868314       -0.4732405252       -0.8247402511
         -0.2329279596        2.2432225978        0.7314345598
          0.4125287783        0.5161514767       -2.2682956249
          1.2841442328        1.7865290170       -0.7444923277
          1.1516358045        1.1338620803       -1.6826566077
          0.7578285318        2.1974687876        0.1630830990
         -1.5547303236        0.8176306317        1.0085900364
         -0.9963332058        1.0817998211       -1.7866221160
          0.1455264625       -0.5153693518       -1.9084742190
         -0.7834881554        2.1347009196       -0.2413898411
          0.5660567722        1.5315732520        1.0455519274
          1.6061179674        0.7138929931       -0.7510426730
          0.0693409808       -2.1986691208        0.3622383368
         -0.4640967893       -1.7814115586        1.2764236990
          0.2819080385       -1.1558459663        1.8622914632
          1.2750033466       -1.1864410189        1.3106716876
          1.1432641724       -1.8297012520        0.3839372766
         -1.0147221598       -1.8651583861        0.2854055240
          0.0828785167        1.4453696038       -1.7390828599
         -0.8026469696       -0.8207701250        1.7843252575
          0.5912584433       -1.9106812501       -0.6076609186
          1.7960586259       -0.8991356334        0.3404832104
          0.9357194237       -0.2263428342        1.8177721674
         -1.6928054651       -0.9607169562        0.1842981800
         -1.5619421147       -0.3132077085        1.1095945128
          0.2111791393        2.0904084774       -0.8024889610
         -1.1582265868       -1.3768031866       -0.7318414225
         -0.8142732827        0.3141740931        1.6949298029
         -0.1689486805       -1.4020967999       -1.2813551417
          0.9053906151       -1.0320012332       -1.2582373692
          0.2572485011        0.6782748337        1.7141546073
          1.2493915777        0.6471395611        1.1617765125
          1.6445101754       -0.4088606923       -0.6736249395
          1.7756360317        0.2335839317        0.2522427222
         -1.7021849680        0.1710045020        0.0928317883
         -0.8424160541       -0.4939561909       -1.3807867368
         -0.4951535065        1.1809214678        1.0342052305
          0.8820934061        0.1002866008       -1.3394952814
          1.0922750883        1.1314463483        0.1475150892
         -1.1912315985        0.4447768575       -0.8772757542
         -0.5115982063        1.2969776719       -0.8561446273
          0.0454699676       -0.3817003855        0.2294624674
         -1.0556157154        1.0754144960        0.0505889218
         -0.1900014793        0.4142289970       -1.3787595093
          0.3260319526       -1.2242091954        0.7758164265
          0.0097791873        1.4201867539        0.0766648405
         -0.7331300838       -0.8977622154        0.6998851930
         -0.2125767754       -1.3050423910       -0.1914745842
          0.5281607151        1.0179246279       -0.8071286041
         -0.0047580736       -0.2877142446        1.2719801875
          0.8352907553       -0.9451861601       -0.1695446735
          0.9635453408       -0.3183978056        0.7337153414
         -0.8739138076       -0.4266044042       -0.2897902847
         -0.7440434662        0.2020137066        0.6183993885
         -0.2446386381        0.4495495801       -0.3092704853
          0.0962983779       -0.4572336064       -0.8206385392
          0.3041329050        0.5544724179        0.6368834029
          0.8164528639        0.1511327870       -0.2500969661
