          0.9675896468        2.1736818360        1.0239783509
          2.3008393688        0.5410431817        0.2193348369
          1.1007692691        0.1919756349        2.0943134842
          1.0440417496        1.7662015178       -1.1938201298
         -0.8977130740        1.2013987103        1.8399588916
         -0.9327723336        2.1743238533       -0.1922197900
         -2.1782241636       -0.8913999891        0.2569515077
         -0.5097764347       -2.0323206067        1.1023064380
         -1.5434021389       -1.5102410426        0.9707523417
         -2.1963563807       -0.3881984219       -0.7941026741
         -1.5901871500       -0.2118815690       -1.7411748792
          1.1094170619       -2.0579294368       -0.3733619940
          0.4887341277       -2.2384682495        0.5963870171
          0.4416865237       -0.9328365135       -2.1307295125
         -0.5677682978       -0.4229654802       -2.2592074323
          1.0917084053       -1.5664947876       -1.3998377846
         -1.5009646854       -1.6856420666       -0.1265048146
         -0.4537769041       -2.2145718371        0.0067754776
         -1.5193348338       -1.1758380568       -1.1913498282
          0.1750501505       -2.0316642781       -0.9756976354
         -0.4835007381       -1.3896916553       -1.7161795821
          1.2536368648       -1.4266295761        0.5367867916
          1.2187985349       -0.4598290543       -1.4826007966
         -0.7107348707       -1.0210752557        1.5320829910
         -0.7671039453        0.5432409232       -1.7353554211
         -1.9596216147        0.1963719475        0.1278215071
          1.0416045450        1.1897735880        1.5709705491
          0.0338333796        1.6987935218        1.4427077064
          1.6467617716        1.3657973366        0.6254783085
          0.0161539173        2.1894088481        0.4179446234
          1.0129984704        1.9836058520       -0.0871308319
          1.6845117232        1.1595800343       -0.4928130850
          1.7131060352        0.3660697139        1.1646159383
          0.0545651824        1.9828576356       -0.7002629151
          0.1008315186        0.6989309238        1.9815138899
         -0.9242032192        1.6981609424        0.8289552092
          1.7752184341        0.0364732173       -0.6403458758
          1.1870616427       -0.6281625325        1.3262992877
          0.1375285998        1.1616554657       -1.4813561738
         -0.8141298855        0.0862524559        1.7007428328
         -1.4627769149        1.1924210202       -0.0344841725
          1.7928192476       -0.4519643949        0.3798689296
          0.1946412336       -0.4232727445        1.8291330577
          1.1408265804        0.6548945245       -1.3536621006
         -1.4450801799        0.7013190664        0.9912958973
         -0.8603049808        1.3676629532       -0.9757798802
          1.2441737059       -0.9520368483       -0.4772609681
          0.2265574559        0.0399618278       -1.6214793619
          0.2724882496       -1.2346724437        1.0408908373
         -1.3740496173        0.3704153351       -0.8104936708
         -1.3456629637       -0.4173519937        0.8349417890
         -0.6147549304       -1.3810405727       -0.6505801702
          0.1726353776        0.3878239968        0.1826957128
         -0.6614886667       -1.2024968365        0.4251696006
          0.3061540007       -1.4022715692       -0.0651096892
         -1.2766857877       -0.6027866455       -0.2665647442
          0.2889928868       -0.9260290683       -1.0598530069
         -0.6892557207       -0.4319202658       -1.1843591344
          0.5623470073        1.2633075072        0.5951189336
         -0.3719805628        1.2641290680       -0.0027400329
          0.6001695029        1.0634241912       -0.4953032224
         -0.3547393464        0.7856677824        0.9966371160
          1.2182327613        0.4609205122        0.1996527987
          0.6280667618        0.2892574691        1.1217228192
         -0.2880465390        0.4710920849       -0.7604616229
         -0.8763708377        0.2999653800        0.1587300484
          0.6916914460       -0.0237688778       -0.6357662167
         -0.2602370023       -0.3006579614        0.8515174494
          0.7088789429       -0.5007366914        0.3604915098
         -0.2141173630       -0.4810125364       -0.2265953301
