          2.2431156477       -0.9217242349       -0.5193502491
          2.3294737851        0.1339630979       -0.8405110822
         -0.4174004470       -0.7199974127       -2.4787095131
          0.3165952612        0.7400229559        2.5175790551
         -1.3046305804        1.6640940674        1.2379321332
         -1.4803616147       -0.4842086564        1.8915085145
          0.8658190067        2.0820933075        0.7917446370
          0.5812655884       -1.3967301083        1.8500860088
          2.0362277751        0.1824837188        1.1472541656
         -1.4645150474       -1.6848374883       -0.7898341779
         -1.2316565656        1.1613572617       -1.6557704645
         -2.0456323020       -0.7370232929       -0.9812996841
         -1.9554413861        0.3652189390       -1.3166663730
         -0.4059096375       -2.1533062994       -0.8099293515
         -0.1171381523        1.3765372691       -1.8838354244
          0.6862631596       -1.9471385918       -1.0317177096
          0.9209928783        0.9223045701       -1.9046897830
          1.5475508200       -0.0445352972       -1.6649115661
          1.4599590033       -1.1153915593       -1.3391266034
         -2.0119314643        0.0954540009       -0.2272710687
         -0.5784143474        1.6719802661       -0.8994049370
         -0.8609546171       -1.7818123824        0.1513617399
          0.4548008158       -0.3323917444        2.1984299477
          0.5982507612        1.4215808667        1.6648367422
          0.0292678160        0.3097155996       -2.1857632241
         -0.1161717553       -1.4680546409       -1.6448949542
         -0.5870537015        0.1279380115        2.2200672654
         -0.4984446584        1.2113847603        1.8904614128
         -1.4036742358        0.5934886502        1.5733790711
          1.1868427688        0.4642675141        1.8451439093
         -1.0794597862        0.0948149280       -1.9598474889
         -1.1691882406       -1.0018706683       -1.6261839616
         -0.2216902953        1.8879256432        1.0192476016
         -0.4538194097       -0.9498485781        1.8825672325
          1.4635139432        1.1385366787        0.9721132852
          1.3202801604       -0.6126726960        1.5048433334
          0.6457651211       -0.6526689811       -1.9716007332
         -0.9510285539        1.6851746878        0.1670393873
         -1.1827044343       -1.1468635744        1.0286258637
         -1.6764486965        0.8872017511        0.5068927686
         -1.7651347902       -0.1968902547        0.8367144967
          0.1438284127        1.8955472007       -0.0572477399
         -0.1426254383       -1.6063583831        1.0081333810
          0.9480992461       -1.4018789490        0.7876559251
          1.1808628814        1.4436298473       -0.0780143526
          1.4565110161        0.7892561429       -0.9368329682
          1.2788877610       -1.3820664853       -0.2762550711
          1.7737316174        0.4747059489        0.0918311627
          1.6856512278       -0.6021147214        0.4194204128
         -1.3047422099        0.8907701234       -0.5666549589
         -1.4470941489       -0.8493702584       -0.0372371313
          0.4466690124        1.2367336803       -0.9268691436
          0.2151939083       -1.5929289444       -0.0659982489
          0.0045197857        0.1524798995        0.5023936001
         -0.2801672981       -0.4250057284       -1.4722750414
          1.3567720998       -0.2951647622       -0.6054054543
          0.1580989434        0.4401858933        1.4893870146
         -1.1352434551       -0.1716715340       -0.8695229400
         -0.4297678401        0.6044563444       -1.2000775816
         -0.5688469719       -1.0956316313       -0.6828507314
         -0.6402533076        0.8954228658        0.8597172498
         -0.7267963778       -0.1625690164        1.1815863752
          0.2868451803       -0.6112759604        1.1624488874
          0.4269581263        1.1016598637        0.6413336920
          0.4917408954       -0.8978906869       -0.8970894204
          0.5787721676        0.1659959516       -1.2207579625
          1.0052146606        0.1656748111        0.8148152120
         -0.9901290127        0.1273193395        0.1522528590
         -0.1362814275       -0.1336174799       -0.4758261964
         -0.2828453147        0.9067497301       -0.1793012390
         -0.4224722707       -0.8001611782        0.3399962648
          0.6369917995       -0.6025668794        0.1285408709
          0.7247367395        0.4701128724       -0.1978069483
