   -0.201751599532890   0.485811837140655   0.181241016297187
   -0.657195618771909   0.148236522836450  -0.710175837429709
   -0.026269325739561  -0.492192450598105  -0.088394275143986
    0.425208897627853   0.315366468803391  -0.648047150810987
   -1.153623742920459   0.860401383942294  -0.038815694789048
   -0.837870493562063   0.632067100890891   0.999011641729141
   -1.008775351316469  -0.185376667481237   0.279729563494220
    0.745694969146464   0.088725129582454   0.409450123209912
   -0.254720707537650   1.169619138138557  -0.611551228484901
   -0.363384597470464   1.477677866177552   0.447755849777820
    0.255017604820461   0.802167715130938   1.070787253195897
   -0.145798073391889  -0.220740613346020   0.964810987599100
    0.623773859388792   1.121783986325903   0.069227965047060
   -1.497080038123322   0.792080447885038   1.844515221065425
    0.621613922351600  -0.709682278156579  -0.928082182301247
    1.574938846073379  -1.424434602184161   0.827786378840771
   -1.643179146127663   0.519448055300857  -0.958163305632991
   -2.004703529200448   0.178482303706553   0.056174383443484
   -0.082808742720036  -0.965821911587874   1.759914773064646
   -1.484060656174800  -0.560960129906182  -0.632222324763546
    0.152554450802334  -1.487217746267744  -0.360168233487808
    1.287052304938243   0.952466560098451  -0.783405204033653
   -1.336042038430091  -1.307768531134277  -1.459173660545278
    1.968682820523799  -1.013851436868982  -0.202677367630489
   -1.233070688916481   1.578810748446188  -0.852788902911474
    2.108997012309479   0.263733663569403  -1.159782540432112
    0.725641298932994   1.135996302533427   1.989426458776004
   -1.116444947325143  -0.219732467248964  -1.629325337144842
   -0.963868918907784  -0.936602532157295   1.074901302385795
   -0.823809563893386  -1.205929894759955  -0.001570444822063
    0.355759572880344  -2.482075837657634  -0.652845670882705
   -0.485063071203983  -1.922358314589191   1.330387843605894
   -0.722702962548265   0.837518041664539  -1.544361433274674
   -0.387582113578734   0.968032204240703   1.931734653635937
   -1.830380445134658   1.028010801353177   0.795833854200519
   -1.023077748168770   1.661956975395870   1.294892048888252
   -0.361642565076220  -2.199323908989977   0.251606151408398
   -1.681365403760115  -0.055324899731831   1.119213367775083
    0.323038353131631   0.082803861682710   1.893822357138652
    0.699473434730022  -0.788487896845231  -2.000401016903635
    1.389400937370915  -0.099457153185252  -0.428773756025432
   -0.017225008350018  -0.045979652090287  -1.576212651838235
    0.226844972134710  -1.630695619761388  -1.418009174375770
    0.590007023154505   1.845532183197363  -0.741823343104872
   -0.421613969344949   2.211702886567272  -0.354968545044773
   -0.533314750118193   2.509843884197672   0.725466120653750
    1.615255832596339   0.718077624578846   0.295693078265727
    0.831132683593335  -0.657449041247357   1.203470554632295
    1.723188240531486  -0.336370862027551   0.636284504771856
    0.100659066221649   1.835397806138299   1.366427505470764
    1.482421876287501   1.774548468728273  -0.048465566523448
    0.478501806917752   2.163126348267463   0.341820436901091
    1.242878777089839   0.398411772376793   1.321202174151927
    1.111208006641387   1.469381292410747   0.977579947713060
    0.654464892887406  -1.741718513920730   1.410100214470998
   -1.699028758130152  -1.648298289243660  -0.448027185275906
    1.075141996626290   0.127433030897170  -1.500935085724606
    0.768333474518834  -2.020450636647228   0.334878428331669
   -1.831871561450559  -0.894092336270717   0.374665740079882
   -0.310719019047546   1.883336590513560  -1.426495080300972
    1.169589220993406  -1.646707114941922  -0.670824944517613
    0.932462027976819  -0.928108510130353   0.123855960556254
    0.037348709818441  -1.240500844133668   0.680940138320396
   -0.796642713877624  -0.091761550198951   1.820394942961977
    0.392588415832013   1.009542321148458  -1.480599559899990
   -0.470052164548875  -0.872541194612705  -0.988192536533562
    1.274148703897768  -1.699142385179391  -1.758820351162947
   -0.690089595106826  -1.962085073994384  -0.820821277778411
   -1.368646079812941  -1.886186418157482   0.631526523959152
   -1.346159581738087   1.895575774854359   0.232501849493879
    1.653294248708806  -0.785574358403552  -1.250806623618237
    2.318512288321446   1.107057080240443  -0.448539672048144
   -2.137947878019751   1.255468301154725  -0.262629277066010
    2.423829254558699   0.037763356801411  -0.121366985677241
   -0.409075960263304  -0.978390763259058  -2.060764707371562
