         -1.1871729793        2.5620316788       -0.2356526570
         2.0748631240        0.5909476606        0.6306465075
        -2.0429370583       -0.6582163644       -0.6242387568
         0.4233353390       -1.2946149708       -2.0448256258
        -0.7103027145       -1.4623938678        1.8421256280
         1.2361642648        0.0404098557       -2.1065772787
        -0.0887596522       -0.1556798496        2.4362447565
         0.0002438644       -2.4272077230        0.4733753015
         0.3104709257       -2.3812939193       -0.5903118340
         1.3221152269       -2.0736462998       -0.2820194674
         1.0118693622       -2.1195630258        0.7817323220
         0.3011562870       -1.1541728718        2.1506313891
         1.4349055244       -0.9863771023       -1.7367014082
        -1.1003105790       -0.4642599553        2.1281113301
         0.2247247385       -0.2681541971       -2.4150922538
        -0.4170881231        1.3677000040       -1.9459762859
        -1.4278086032        1.2181131279        1.5195236233
        -0.4167839206        1.5310964880        1.8224308077
         0.5910006931        1.6802493027       -1.6330032008
         0.1520578117        2.2670031369       -0.7946077379
        -0.3506871556        2.1925964854        0.9291745021
        -1.3562586704        1.8787156478        0.6334537212
        -0.8475539059        1.9540040493       -1.1107627782
         1.7672476796       -1.1486994471       -0.6942209223
         1.1446947614       -1.2408379045        1.4403515274
        -0.8806523833       -1.8566520383        0.8226370130
        -0.2583335075       -1.7645486367       -1.3111325257
         0.3597296733        0.7631127178        2.0124368206
         1.3657347512        0.9120022535       -1.4368953870
        -0.6569931826        0.2938244148       -2.0540272396
        -1.6632748912        0.1448945118        1.3962530544
         0.5028229177        2.0893624856        0.2368362339
        -1.5179873108        1.4788574447       -0.3788901417
         1.9151779766       -0.2794645476       -0.0328854840
         1.6042457268       -0.3254828223        1.0332207871
        -1.4562869185       -1.2550928426        0.0998823136
        -1.1456772074       -1.2091225494       -0.9651178328
        -1.3438488706       -0.1810944383       -1.3352592758
        -1.8458937195       -0.2553971469        0.3861227990
         1.2824539026        1.3358790269        0.4316933788
         1.2113893354        0.6742008185        1.3181307439
         1.7135514919        0.7485212477       -0.4036538615
        -1.7767720731        0.4095681595       -0.5005206626
         0.7546607167       -0.2395285256        1.7289771973
         1.5699580807       -0.1188638196       -1.0664669185
        -1.2740180287       -0.8570239276        1.1104268594
        -0.4588427668       -0.7363777841       -1.6845981265
        -0.5707559533       -1.8121938450       -0.2446849194
         1.4581312504       -1.1953810181        0.3736688778
         0.4295670287        1.4276637700        1.1237893940
         0.9323494940        1.5020759559       -0.6001219943
        -1.5951072862        0.8101617739        0.5071517910
        -1.0920469905        0.8846147868       -1.2177119412
         0.7504597555       -1.4489017427       -0.9971607604
         0.1314308232       -1.5405184382        1.1253287082
         0.3535707716        0.5989639254       -1.7366609137
        -0.6476331507        0.4507852434        1.6962090977
        -0.4960805797        1.7501272086       -0.0691393142
        -0.2582297216       -0.5460175982        1.4125336246
         0.5528805288       -0.4259728055       -1.3685537109
         0.4415169735       -1.4963999923        0.0641777639
        -0.0773957643        1.1834714056       -0.9061700259
        -0.5789981874        1.1092340110        0.8136951788
         1.0378298899        0.2730594232        0.3144719457
        -1.0044751236       -0.3457880495       -0.3078831881
         0.2674194658        1.0118508563        0.1216697430
         0.5814442477       -0.6299755885        0.7165017246
         0.8895465241       -0.5843762389       -0.3399011432
        -0.4345074387       -0.9386224424        0.4066482596
        -0.1265265997       -0.8930411534       -0.6493381768
         0.1940543633        0.3596148625        1.0002454996
         0.6921389076        0.4333317095       -0.7075579485
        -0.8214177880        0.0508942689        0.6907421484
        -0.3233400719        0.1246099549       -1.0170377342
        -0.7527492590        0.7042950546       -0.1891403279
         0.0165939370       -0.0368892378        0.0032473870
