   -0.124477741883998   0.257016570718387   2.669592894184759
    1.322617719641662   1.803814041076377  -1.449594938147346
   -1.493577579730861  -1.801529987750994   1.142142867109970
   -2.462632457965915   0.031382905008208   0.242630057769512
   -1.637512458435771  -1.576690413615317  -1.107284084019549
    0.253739329867004  -2.367411992257104  -0.169283304312921
    2.051538938745256  -0.231934128497923  -1.065643499016842
    0.715301863921176  -0.467654014769033   2.516788619433102
    0.936110501826280   1.927130723875019   0.702909741039962
    2.173443152469304  -0.414374531481288   0.888276708790376
    0.390789183681384   0.072250012791365  -2.455312395619955
    1.362479929551525  -0.333682760848401  -1.963892895235444
   -0.450465858251029   0.815716822944266  -2.335058221518072
   -0.879187643891843   1.641796653472154  -1.649289806352014
   -0.715607029867980   2.205396941754351  -0.686917271769809
   -0.012914311121641   2.316732764905528   0.221836903875648
    0.866291920395720   0.599620406783214   2.262112294724837
    1.602764719602084  -0.700382466728801   1.831361708325447
   -1.057716460821840   0.234635238217241   2.018537584726569
    2.208226364309725   0.312483531452954  -0.029509503707714
    1.737299345538721   0.369254065436734   1.547284311527263
    1.794000517727375   1.112778420827687   0.633507822410015
    0.616002387245236  -1.241359760377461   1.740557579068697
   -0.963660286940866   1.713250528107899   0.292298433613607
   -1.287590680462432   0.595984595303745  -1.614660989389928
    0.379722420268861  -0.875073646539887  -1.856150564075415
    1.551801547829188   0.667691810562175  -1.504412023543744
    0.857627390319532   2.004486612734802  -0.407518826723506
    1.721485741958147   1.224838486949668  -0.496454923718253
    0.586734264759334   1.072581624917865  -1.994689705833934
   -1.992497179918185  -0.889479842897699   0.699217187638790
    0.159458615154265   1.894633257656082  -1.313852219809460
   -2.064065563489414  -0.775739979068284  -0.437124249357017
   -1.778213658619691   0.138023300954186   1.139078710104697
   -0.622312327244924  -2.099713943372099   0.489847708476927
   -0.695030918975999  -1.986225493962610  -0.644706648620858
   -1.577693595456013  -1.700979789938103   0.016968234810177
   -1.728889151754976   0.884219358971712   0.272676811630634
   -1.287147013010728  -0.786546498038474   1.593318684247455
   -1.476241746868737  -0.491913562730839  -1.374940375612113
   -0.633234838172794  -1.236457907294359  -1.499608155092299
   -1.893553218857431   0.319751789107806  -0.694581675542603
   -0.440826121970334  -1.533625375950324   1.459608493699383
    0.320685046340280  -1.635069335505747  -1.024418043891566
    0.439298933436635  -1.815792538018296   0.796332357237713
    1.011306649579261  -1.534598727453044  -0.133768610141422
   -1.027738341040422   0.985305658221414   1.165602976930816
    1.733545571100658  -0.682626333184435  -0.095013068306632
    0.881315379702088   0.952162481964185   1.225429444405443
   -0.223341723671799  -0.509793357476417   1.889493008155280
   -0.078202629665493   0.600207776843121   1.631476557740502
    1.188716268008270  -0.956275309409959   0.833101859489785
   -1.134341566271319   1.162737509575931  -0.664660802091667
   -0.457770192696213  -0.141302905341436  -1.747644026898409
    1.069298949171682  -0.782677198769527  -0.981972755272855
   -0.033148143363480   1.342943911975496   0.769903648190262
   -0.374816040168069  -0.342945963481704   0.080808772063872
    0.745970397295093   1.081434722723993  -0.936200466149154
    0.745911302977650  -0.143280037019773   1.475322999116606
   -0.922259841884844  -1.058107812120282   0.602010076604904
    0.179420844436019   0.363293498220542  -0.425037811623341
   -1.399565078072045  -0.154987538461295   0.159367027773597
   -0.992584852451624  -0.947840179212910  -0.505736521678793
    0.571139037768985   0.124999643054659  -1.394541494031913
   -0.250321690870940   0.850031496462985  -1.277644576431751
   -0.063283210946348  -1.337290957722306  -0.044641518187236
   -0.091432937152559   1.399159521099257  -0.338682741347111
    0.830476508694238   1.022524738127326   0.128827274822204
    1.242150218821923   0.222755805892449  -0.523905616694262
    1.298279171150806   0.131496642230650   0.567606000851672
   -0.715881834436281  -0.055305406906939   1.030730630642060
    0.108561300060017  -0.785669460348326   0.896249671000217
   -0.831713965735857   0.114125945380806  -0.750566594445963
    0.239934065412681   0.291178587570151   0.647785329752276
   -0.008893049758201  -0.613801109447559  -0.871537147865221
   -0.673652263514858   0.665954572418629   0.191156081063272
    0.660549706982420  -0.517642710067542  -0.005299000635459
