          1.8422213287       -0.9366704678       -1.5708104047
         -0.2888637974       -0.7985940393       -2.3072363694
          1.7829473339       -1.5859183317        0.5920274122
         -1.4891474753       -1.6489756657        1.3334611195
         -2.1360175089       -1.4031522570        0.4282433810
          1.9387150989        1.6592230649       -0.2184744819
          1.2925302707        1.9047828400       -1.1227365528
         -0.7118946159       -1.2108075395        2.0860326659
         -2.4313032975       -0.5573988825       -0.3200762464
          1.9117626747        1.3209814484        0.8975570505
          0.1933845147        1.9739910879       -1.5071164245
         -0.1291687801       -0.2699829989        2.3711869259
         -2.2509614682        0.5363377352       -0.5980104851
         -0.9015621153        1.8378856666       -1.2083836378
          1.2198105800        1.0317308925        1.7602333754
          0.1035611669        0.8451331746        2.0799629617
         -1.6323938750        1.5048250721       -0.3493028601
         -1.1750951215       -0.2054007400        1.9907410011
         -2.2636800730        0.2082823271        0.4673957049
         -0.9577378624        0.9251329394        1.7188879341
         -1.6642729300        1.1936279052        0.7301754371
         -0.8959832066        1.9347740276        0.3826400529
         -0.1896470156        1.6663549783        1.3710742069
          0.9332702108        1.8291253425        1.0361494126
         -0.1549119414        2.2426513281       -0.4866370150
         -1.9623234599       -0.6469183159        1.2266008349
          0.9579998420        2.1715232503       -0.0948913222
         -0.0044764979       -1.6310608403       -1.6038383295
          1.0455999883       -2.0301081246       -0.1343758796
          1.0788589077       -1.7000804467       -1.2326248275
         -0.0579388103       -2.1481783751        0.1752180569
         -0.7048651428       -1.9023338072       -0.7300804724
         -1.6635859911       -1.3280052339       -0.5830855573
         -0.3905734859       -1.8117742038        1.1983460187
          2.0983691450        0.5907623278        0.0697419204
          0.8275588305        1.0736896648       -1.7086120834
          1.8274408425       -1.2682630749       -0.4910008927
          0.7817034575       -0.8708652785       -1.9543911840
         -0.9889114893       -1.0728225035       -1.4572924435
          0.7002882260       -1.7147494049        0.9065478291
          1.9884871496       -0.1705273000       -0.7550210578
          1.3459979817        0.0736290196       -1.6541117531
          0.2719409498        0.1424521039       -2.0253620668
          1.9585110092       -0.4984724075        0.3348017448
          1.2757912482       -0.7842212185        1.1907445446
         -0.8127942751        0.0094774795       -1.7319911115
          0.7537661072        0.0194122684        1.7556048738
         -1.3109953289        0.8040556744       -1.1337874946
         -1.0369778463       -1.5786560688        0.3123227353
          1.4716800523        0.8413046427       -0.8231981009
         -1.5020558249       -0.2584812131       -0.8603831657
          0.1789610982       -0.8972975888        1.4920026352
          1.4332829331        0.3138289401        0.9235463894
         -0.2468204331        0.9522945566       -1.4275645738
         -1.3336343927        0.1970462533        1.0065272253
          0.1423720711        1.6208475263        0.3384168151
          0.2385093605       -0.4061786924       -0.2807406366
          0.2611281383       -1.4171655247       -0.5714482467
          1.0253910161       -0.6644181754       -0.9131723814
         -1.4942519757       -0.5585930766        0.2209650999
         -0.8672066434       -0.7968820654        1.0984413564
          1.1087586894        1.1103073812        0.2036268604
          0.4823490421        1.3483525207       -0.6729614530
         -0.0220855163       -0.5971068955       -1.2757172933
          0.9966391347       -0.9842398054        0.1498713349
         -0.3030256527        0.1072230524        1.3760389632
         -1.3226791165        0.4947090730       -0.0508470433
         -0.5736957626        1.2171417663       -0.3896902164
          0.4457786378        0.8297246671        1.0369456130
         -0.6001838360        0.9161827365        0.6776905983
         -0.0656358670       -1.1002017096        0.4440364155
         -0.6933739546       -0.8616495883       -0.4344097734
          0.5285136574        0.3182556388       -0.9861208782
          1.1553186612        0.0800598447       -0.1089789080
          0.4955368815       -0.1989753755        0.7212494148
         -0.5232285910        0.1881725188       -0.7043943693
         -0.5358787533       -0.1124402070        0.3524054671
          0.1951034935        0.5922747064        0.0214166048
