          1.8672056533       -1.2697647857        1.4134548016
        -1.4919189425        1.3793556796       -1.6412909181
         0.7380394063        1.3724378048       -2.0715942987
        -0.4780307566       -0.5065836722       -2.3569202975
        -0.0632051638        2.4436451823       -0.2545954497
        -2.3862875322        0.3547581574        0.9607702440
        -2.5158657863       -0.5668012111        0.3040684981
        -1.6457694894        0.9094250263        1.6757645227
        -1.9904230066       -1.5417466856       -0.0709362411
        -1.0285047243       -2.1602082830       -0.0061747846
        -0.6033910773        0.8631943389        2.1482958057
         2.5325751639        0.3276330213        0.0200326667
         2.4040762437       -0.5862499775       -0.6311972157
         2.1183979589        0.8818757257        0.9525542952
         1.7762548458       -1.5514426500       -0.7814201572
         1.3356477142        0.8428643346        1.7724398281
         0.9133918972       -2.1602179008       -0.3675469529
        -1.2041754574       -0.0621587992        1.9881892327
        -1.4223828669       -1.6140448395        0.8823179812
        -1.9528498568       -0.6257582949        1.2634654486
         0.0704828746       -2.1983191421        0.4445751942
         0.4150332926        0.2521235987        2.1907540976
        -0.3229241776       -1.6730158848        1.3494739995
        -0.1836043635       -0.6821714886        2.0555470994
        -2.0101250046       -0.6089827696       -0.6928012188
        -1.7550983045        1.2047651568        0.5996724297
         1.5653400043       -0.6196782446       -1.3794654237
         1.8198651519        1.1905001071       -0.0895381899
         2.2297838258       -0.6517273365        0.4746066980
         1.6062422348       -1.6105675998        0.3232096751
         1.8187596475       -0.0991419891        1.4002463230
        -0.9937469604        0.4370079111       -2.0128650030
        -0.7844166310        1.9257600427       -0.9519844426
        -0.3795908547        1.3863596948       -1.8706026180
         0.1328761094        0.4336481549       -2.2300625934
         0.3421552853        1.9220358078       -1.1694418676
         0.7911695854       -1.6609570928        1.1427394232
         0.9265516676       -0.6981171878        1.8288561929
         1.1656458871        0.3778168093       -1.7420147104
         1.2944453209        1.2938351430       -1.0892630209
        -1.7703528616        0.3859969429       -1.1750128842
        -1.6414427470        1.3028019809       -0.5216996906
         0.5509430824       -0.5698727217       -1.8862924076
         0.8890453129        1.8347023590       -0.1727993842
        -1.2576473562       -0.5650737549       -1.5369604581
        -0.9194403466        1.8402469965        0.1770656465
        -0.3083964286       -1.1808200417       -1.4734997424
         0.1102691959        1.7967218802        0.6482886199
        -0.1329319630       -1.8180108790       -0.5728721988
         0.2803450949        1.1212144371        1.5216121646
        -1.8963538529        0.2982238135       -0.0443198118
         1.7045709465        0.2877677210       -0.7401709050
        -1.0801519596       -1.2278746143       -0.6328106780
        -0.7431335044        1.1689994531        1.0751966688
         0.7214614879       -1.2320766738       -0.9801324949
         1.0581825287        1.1626800677        0.7263640237
        -0.8851376388       -0.7496975699        1.2267152231
        -0.1074909537        0.3222053197       -0.4309407482
         1.2097815114       -0.7313574280        0.7876168920
        -1.4415801068       -0.6776375018        0.2771267186
        -1.3158710424        0.2164046859        0.9142197305
        -0.7879137018        0.8399105185       -1.0231910755
         0.3107406021        0.8364191209       -1.2350757686
         1.3932710127       -0.6817898147       -0.2745127405
         1.5187313809        0.2104831535        0.3613183283
        -0.0840404046        1.3644063914       -0.3406290817
        -0.2883591224       -0.0887015712       -1.3761118360
        -0.5173985340       -1.2751706677        0.3351569752
        -0.3132225321        0.1769287415        1.3699194765
         0.5561127716       -1.2752009564        0.1253652724
         0.7600284431        0.1750448923        1.1588064344
         0.1724018257       -0.7539701923        1.0240416721
        -0.9164210091        0.7607588584        0.0731540983
        -1.0423486011       -0.1348263292       -0.5650378558
         0.8375287194        0.7569666144       -0.2685406310
         0.7117261114       -0.1377495009       -0.9061128832
         0.5495026846       -0.1994874003        0.1715186757
         0.0815323708        0.7226974429        0.5275624332
        -0.1228301373       -0.7307299960       -0.5081443126
        -0.4953390932       -0.2029196393        0.3824994813
