          1.9512571210       -1.4676377481        1.0999341662
         -2.3239885878        0.6466147485        1.0356860307
         -2.1905840351        0.8541093363       -1.1936525429
          2.1198461811        1.6732787224        0.2680373625
          0.0922055449        2.6775977679        0.2393378466
          0.9096572117        1.7234556434       -1.6327897855
          0.6900866346        1.3896357319        1.9896877568
          0.5929880557       -2.6333431458       -0.2239470151
         -2.3949336547       -1.1580704502       -0.2644976986
          0.0028945166       -1.3728562653       -1.9617736929
         -1.0008210182       -0.8783102296       -1.9754929028
         -1.2145037522       -1.2121340077        1.6209234444
         -0.2113628037       -1.7076298301        1.6344294552
          1.9921383004       -0.1789937475       -1.0344572701
          2.0329735750       -1.3697030711       -0.0149376344
          1.0504155190       -1.3233344335       -1.5613787437
          1.3433146567       -1.9475328923       -0.6805155583
          1.8577227766       -0.3704188240        1.1925524331
         -1.2648968527        1.4465868508       -1.0796492770
         -1.3978555264        1.2396153250        1.1419247040
         -2.2689978937        0.7553243482       -0.0792300029
          0.8738378281       -1.5971226181        1.3761800214
         -1.7790871963       -0.2849240785        1.3380310099
         -1.6041842470       -0.0122548864       -1.5956491107
          1.2719736186       -2.0513576658        0.4373262282
          1.5256651559        1.7076678307       -0.6888675826
          1.1135571397        2.1906673842        0.2554868158
         -2.3595002243       -0.2561290438        0.3852511258
         -2.2929057003       -0.1524472411       -0.7288639829
          0.3915593069        2.0465018014        1.1235019307
          0.5022813469        2.2147573673       -0.7031812629
          1.4143636007        1.5403230510        1.1381920392
          0.2986641532       -2.0039276054       -1.0932184905
          2.0754307835        0.7546381651       -0.3893710641
          1.4656573774        0.7807726374       -1.3469223125
          2.0070906798        0.6543620124        0.7396309624
         -0.5954618955        2.0790941194       -0.4263108287
          0.1908009113       -2.1711963216        0.7057380053
         -0.6629706167        1.9742670669        0.6987256428
         -1.6980814776       -1.0179072871       -1.1202066401
         -1.8051762202       -1.1850400839        0.6784722162
          1.2862898899        0.5108269703        1.6064709978
         -0.3608154608        1.3252624878        1.5809988808
         -0.1830436521        1.5991055519       -1.3697095969
          0.4130017405        0.7245811193       -1.7703062193
         -0.4066533198       -2.1475933041       -0.2381323176
          0.1949954573        0.3849685997        1.8810959746
         -1.4015704786       -1.6561020847       -0.2516604870
         -0.0827213280       -0.2767934575       -1.8648896640
         -0.2953104930       -0.6118022901        1.7312575899
         -0.7047309926       -1.5211421023       -1.1111120941
         -0.8125166715       -1.6889412517        0.6938980661
          1.9409559845       -0.2687734866        0.0833782447
          0.9583106345       -0.2231433656       -1.4685170780
         -1.3439012240        1.3529137325        0.0312951646
          0.7856898480       -0.4997857170        1.4781049527
         -0.6811371633        0.5869960465       -1.4898176260
         -0.8560740977        0.3127267573        1.4532021683
          0.3134881063        0.5686004355        0.0574802633
          1.2449005504       -0.8595927359       -0.5832101736
          1.2006181102        1.1096333286        0.1608424423
          0.2037105042        1.6034431495        0.1467361473
          1.1712957414       -0.9572534398        0.5286173786
          0.6057171175        1.1345939295       -0.7743398242
          0.4976383912        0.9706607841        1.0077353191
         -1.4312727102        0.3290355079        0.4907065035
         -1.3650962949        0.4319445850       -0.6149901707
          0.4962177100       -1.5310766911       -0.1273158588
         -1.4615433521       -0.5641060775       -0.1536421063
          1.1409057611        0.2119790100       -0.4812904619
          1.0737670070        0.1132045374        0.6187189172
          0.2081087648       -0.9122336363       -0.9914390513
         -0.4586405316        1.0055595529       -0.5031901399
         -0.5242540577        0.9032580928        0.5937286925
         -0.7783844168       -0.4257336209       -1.0047414388
         -0.8847078092       -0.5918640310        0.7828176279
          0.1012830035       -1.0786457513        0.7958543549
          0.1213110295        0.1592160000       -0.8922296477
          0.0164513146       -0.0070718950        0.8863591428
          0.4066747800       -0.4659954643       -0.0346873329
         -0.5614090327        0.0116483264       -0.0463737749
         -0.4886186530       -1.0595065353       -0.1418395631
