          1.4066511446       -1.8757158148        1.2498151491
          1.5550549256        0.1747911715        2.1471640715
         -1.8622757987        1.7146839799       -0.8067328543
         -2.0106508196       -0.3358895275       -1.7039670689
          0.8977007872        0.9685255824       -2.3615039346
          2.5180016407        0.2382987576       -0.9609382118
          1.1044609778       -1.2328805196       -1.9205558771
          1.3455782673        2.0985280191       -0.4626062614
         -0.2733470368       -1.0554236103        2.4569565613
         -2.6587131453        0.0194840951        0.3951394325
         -0.4752571665        1.1213807011        2.0386570070
         -1.5161489897       -1.8249654767       -0.1015396701
         -1.2767926738        1.4825932512        1.3458110702
         -0.7145748545       -2.1861500897        0.5912143880
         -0.7968367969        1.7604655769       -1.0959861023
         -0.9447864866       -0.2836338678       -1.9905622765
          1.8054701725        0.5877347770        1.1533539438
          1.6574987295       -1.4563823940        0.2587854018
         -1.9459083262        0.6932630733       -1.2626096640
          1.4893083006       -0.8546694792        1.7067022849
         -1.5781975397        1.6094649197        0.2725120914
          0.5424876932        0.6538368258        2.1055933302
         -1.7734283953       -1.0887985032       -0.9081860092
          0.3472295433       -2.0443710487        0.9247931456
          1.7197638848        0.6076236445       -1.6728092558
         -2.2607583867        0.8667540461       -0.2054433155
          0.6403906194       -0.4405566004        2.3022421852
          0.5662192689       -1.4654816979        1.8537099854
         -2.3349220340       -0.1581893423       -0.6539224741
          1.1271678591        1.5454964932       -1.4206819082
          1.8232318011       -0.5030732234       -1.4491805176
          1.0055736277       -0.1345754229       -2.1559377097
          1.9448270498        1.1770026314       -0.7139172569
          0.0467613493        1.3787443822       -1.7427455314
         -0.0281435681        0.3435387999       -2.1957802402
          2.1808104718        0.4170200974        0.1018666877
          2.1058727257       -0.6181962368       -0.3511854240
         -1.9682616061        0.7515426110        0.8703752584
         -0.3739666378        0.0331066386        2.2484421105
         -2.0879913541       -0.9029540499        0.1463964161
         -0.4936900808       -1.6213665428        1.5244081445
          0.0768187178       -0.7661741968       -1.9736099412
          1.5898765415        1.3550554561        0.3523967199
          1.3933792720       -1.3595119642       -0.8355908632
          0.2732884598        1.9483686886       -0.7856101880
          0.5650102839        1.8356179477        0.3033676314
          0.3219637087       -1.5222074068       -1.1661547767
         -1.8677186889       -0.3405570438        1.0871018078
         -1.0733243137       -0.6985281205        1.7737433182
         -0.2152627313        1.5351584412        1.0493977925
         -0.4546206957       -1.7718045881       -0.3978322011
         -1.1790647564        0.3924169001        1.5686448827
         -1.2992175614       -1.2680039508        0.8420550572
         -0.8796507451        0.7443533106       -1.5554046963
          1.7452159401       -0.4385358286        0.7134338804
         -0.5130504807        1.6652550662       -0.0189089677
          0.6035100523       -1.6332737138       -0.0691264669
         -0.7089714349       -1.0417961823       -1.2036069808
          0.7994605701        1.0737825215        1.1155678850
          0.4553534309        0.1608949038       -0.4429352427
          0.6713567545        0.5573832102       -1.3846229881
          1.4678250905        0.1984356467       -0.6961772979
          0.8917219411        1.1134650535       -0.4511143357
          0.7731123930       -0.5252455385       -1.1682833793
         -1.1961250289        0.9089157464       -0.4881331021
          0.8832804862       -0.0281165338        1.3092464651
          0.8096472956       -1.0454696334        0.8640267032
         -1.2697400543       -0.1084510553       -0.9333239124
         -1.5859772498        0.0678315964        0.1072603330
         -0.0232259746       -0.6363806373        1.4580457559
         -0.1549573531        0.9506279822       -0.7664156831
          1.1226593520        0.3748759551        0.3379146730
         -0.2280104879       -0.0587672535       -1.2081650706
          1.0495909716       -0.6345300036       -0.1038341617
         -1.0276594063       -0.8475034258       -0.1412132445
         -0.1212672363        0.4415829384        1.2588046334
         -0.9086842970        0.7964234808        0.5781737798
         -0.2402333267       -1.2023296834        0.5393828461
          0.1301025943        0.8430663574        0.2890124383
          0.0116829476       -0.7929456589       -0.4269561176
         -0.5505965363        0.1156575362       -0.1732252863
          0.2210553910       -0.2320700163        0.4937608852
         -0.8139629777       -0.2875729308        0.7917603142
