          0.8518407776        2.0799367173       -0.6625091076
          0.4091356360        2.1500841603        1.5519216285
         -1.2876811495        2.0556698352        0.0631182280
         -2.0861793874       -0.0591261395        1.9312268066
         -0.2218713583       -0.1658295847       -2.2128215239
          2.6647337345       -0.0052826426        0.3199537642
          2.4348105880        0.0311404273        1.4700565307
         -1.3330567936       -0.1784223591       -1.8359559117
         -1.2049043817       -0.0100738930        2.7044770360
         -2.0277058962       -0.5662337847       -1.0114967090
          0.8386827301       -0.5337565800       -1.9836494957
         -2.4155297718       -0.5048239690        0.9284646508
          2.3251831562       -0.4510978607       -0.6793613120
          1.7320655084       -0.3570791353        2.2874279055
         -0.1422402798       -0.3782941421        2.9231086071
          0.7286444778       -2.1688686550        0.6000404654
         -0.3356224680       -2.1809165702        0.9609834744
         -0.1154038800       -2.2158100071       -0.1405568226
         -1.7853100994       -1.0893414366        1.6401968511
         -0.0516208505       -1.1725068465       -1.7721256869
         -1.1796179668       -1.1852835961       -1.3895529662
          2.0364877189       -1.0063988159        1.4323716160
          2.2699009332       -1.0433806310        0.2648679067
         -0.8907019061       -1.0395504979        2.4251442455
         -2.0815453497       -1.1631013419        0.0063609513
          1.5126830243       -1.1223415529       -1.2126368076
          0.7689618408       -1.0044677518        2.5075048440
          0.6262438216       -1.7870448924       -1.0151643335
          0.0183403985       -1.6906847697        2.0255753070
          1.0853450846       -1.6786135912        1.6636790451
          1.4724827374       -1.7399564883       -0.2726634093
         -1.2445554289       -1.8082482530       -0.3806825858
         -1.4653358534       -1.7732768373        0.7237010148
          2.0839253251        0.8369815512        0.7757673098
         -0.6514977150        0.6848293935       -1.6243486165
         -1.3651863770        0.7978908021        1.9455302017
          0.6378210666        2.1303805722        0.4456821372
         -0.4448186055        2.1180972284        0.8128767692
         -0.2207968081        2.0826081214       -0.3076622865
          1.4838621163        1.4706601101        0.0541044106
          0.0998517641        1.3936888562       -1.1602469719
          1.2604652647        1.5060699041        1.1715520315
         -0.9797912038        1.3814402609       -0.7940865289
         -1.3408998645        1.4386343594        1.0121271096
         -0.4846370501        1.4862823556        1.7634109226
          1.1501113535        1.0291446768       -0.9358256779
          0.5667536702        1.1215888841        1.9822296666
         -1.6692276029        0.9971739223        0.0203622859
          1.4215787141       -0.0259890739       -1.1783167173
          0.7113816675        0.0865675048        2.3741415556
         -2.0106763494       -0.0649051963       -0.0142463813
          1.7686523073        0.4010080825       -0.2063727175
          0.3883301206        0.3242381043       -1.4174905614
          1.4103190184        0.4577958569        1.5860286012
         -1.7035522763        0.3616501334        0.9712305959
         -0.3301275929        0.4380871534        2.1763010669
         -1.3434256502        0.3046079708       -0.8301595081
         -0.7576142947       -1.2757760727        1.3845840350
          1.3027586374       -1.2524369814        0.6858006599
         -0.3312829872       -1.3433282836       -0.7479759002
          0.0308214582        0.4182643052        0.3785725454
         -1.0569321827       -0.2484210293        1.6605626594
          1.6872568242       -0.2173227891        0.7298737677
         -0.4891060841       -0.3383773292       -1.1797359829
          0.2170002944        1.2677925478        0.9559052113
         -0.6177761424        1.2213418330        0.2234665532
          0.4347936473        1.2332802149       -0.1335168556
          0.5358883273       -0.6908270680       -0.9615200460
          1.3621343489       -0.6448635743       -0.2365406581
         -1.1625200601       -0.7100738831       -0.3854979248
         -1.3780869010       -0.6759297992        0.6928115418
         -0.0311177526       -0.6009631389        1.8746881540
          1.0106946389       -0.5891693712        1.5213527261
          0.2758941471       -1.2688165501        1.0448451697
          0.4924627611       -1.3031294236       -0.0384176801
         -0.5541295372       -1.3149804056        0.3165371887
         -0.6547649980        0.6105934765        1.1477425705
         -0.3043425489        0.5550771645       -0.6050901036
          1.0387677239        0.6297904420        0.5733761242
          0.3656191686        0.2590106486        1.3603983996
         -0.9738482287        0.1844787037        0.1851293923
          0.7150903227        0.2036261092       -0.3876827355
         -0.3595433814       -0.4127820156        0.8761752795
         -0.1485523489       -0.4462129134       -0.1792140002
          0.6601250476       -0.4012274680        0.5303449790
