         -0.2397300735       -2.5406165491       -1.0573406556
         0.1281702691        2.2026756970       -1.4390674279
        -0.7417294337       -2.3241210233        1.1193284369
         0.1121601476        1.0567952167        2.3080568419
         2.3111583604       -1.3398449387        0.5784298712
         2.4854166725        0.9057428198        0.3891600426
         2.1337121869       -0.3577410389       -1.4460709852
        -2.1672383058       -1.6157199259       -0.4364798665
        -1.9096154259        1.6954106489       -0.7014116410
         1.2983031482        0.0117676966        2.0895618134
        -0.2886833897        1.9360073390        1.7388411456
        -0.3725983496        2.4181911205        0.7357173733
        -0.9700482913        1.0982350683        2.0168683781
        -1.0208305399       -0.7280980632       -2.1248812106
        -0.9325440598        0.3843509587       -2.2130888761
        -1.8293143249       -0.3802259511        1.3856236628
        -1.7394742294        0.7307723377        1.2972804540
         0.7245630385       -2.0299901366       -0.8793277786
         1.0037943095        1.5811545154       -1.1779331658
         0.2237777629       -1.8138238693        1.2886845769
        -0.4928472101       -2.4455277361        0.0319315616
        -0.1227417514        2.3239093542       -0.3530470038
        -0.6337376760       -1.6429256200       -1.6018196943
        -0.4050116781        1.3008817541       -1.8384471630
        -1.2952017292       -1.3597064464        1.2613688606
         2.4148049402       -0.2179870355        0.4884634076
        -1.2041957090       -2.0783269650       -0.7469103848
         2.3244963450        0.2776556413       -0.5337956253
         2.2362171456       -0.8560086162       -0.4383192077
        -1.4549533793       -1.9700838719        0.3409169960
        -0.8913287170        1.9487926277       -1.0701618716
         1.8181751413       -0.6714313965        1.3456387048
         1.9052956574        0.4608652874        1.2495259726
        -1.1423239382        2.0577304867        0.0172241205
         1.2749950311       -1.5921457710        0.9447062922
         1.5289235298       -1.7023402482       -0.1540110540
        -1.5941840574       -1.1725939548       -1.2811312780
        -1.4211361416        1.0404058423       -1.4575737763
         1.4397326545       -1.2064212056       -1.1740614121
        -1.9997937197       -0.9992178555        0.4747355474
         1.7578294785        1.2572025184       -0.4008902400
         1.5809375767        0.6205161857       -1.3258274704
         1.5048412547        1.3696920540        0.6966802934
         0.7694475134       -0.9133298325        1.7055050038
         1.0432098910       -0.2949948921       -1.7200324718
        -1.8264247564        1.2142439069        0.2987791443
        -2.0876363816       -0.5108405338       -0.5263539449
        -2.0016892842        0.5919353513       -0.6141731876
         0.5063009854        1.7958295669        0.9884426605
        -0.0525120089       -0.2280936401       -1.9510927723
        -1.0641969721        1.5832087399        1.0198464183
         0.9068645460        0.9156291882        1.5488983814
         0.2103822041        0.0611736209        1.8367179263
        -1.5184983919       -0.0654926429       -1.3753102370
        -1.9253267844        0.1087745024        0.3871584220
         0.4756451812       -1.9379002062        0.2065640110
        -0.8597905520        0.1111790693        1.5529082595
         0.7589421073        1.7072959597       -0.0948926919
         0.4759607585        0.6833524533       -1.5826113204
         0.3359237508       -1.1384368162       -1.4324070415
        -0.3281981038       -0.8562972268        1.4387352275
         0.6484049274       -0.1185676946        0.0627690481
         1.4637257198       -0.7186640086        0.3162900998
        -0.1840263746        0.9546412405        1.2600584308
         1.5498012494        0.3851529066        0.2227332276
         1.3768750819       -0.2355661892       -0.6797197584
        -0.2459118125       -1.5617919860       -0.5727531240
        -0.4950697896       -1.4540164564        0.5066415712
        -0.0220225268        1.3250624299       -0.8056879015
         0.9693225246       -0.0573416373        1.0586425722
        -1.1982644413       -1.0995271028       -0.2647687943
        -1.0294460975        1.0706728465       -0.4369255619
         0.6923771385       -1.0575948706       -0.4010225124
         0.8295275830        0.7154490317       -0.5485334976
        -0.2708883270        1.4347587705        0.2723076779
         0.4453185113       -0.9513598820        0.6692538994
        -0.6337586483       -0.6662493434       -1.1043793310
        -0.5481042635        0.4269156505       -1.1908447323
        -1.0377051221       -0.4956322469        0.6386544433
         0.5857042453        0.8233215107        0.5171280578
         0.3106075603       -0.1728587776       -0.9310688018
        -0.0912903344       -0.0083438121        0.7996975539
        -0.9526570711        0.5980680022        0.5532621917
        -0.2606411049       -0.6035752557       -0.0991623275
        -1.1268242149       -0.0136728116       -0.3541944520
        -0.1777958939        0.4689918232       -0.1824888172
