         -0.8418514850        2.1908121559        0.2043753872
          1.3767781408        1.0121366233        1.8246134210
         -1.5190987079        0.3846068004        2.5756619598
         -2.6245852825       -0.8951202831        1.0760491143
         -0.9492513340       -1.7851163519        2.2994909510
         -0.0054920880        1.8633594672       -1.5013828769
          2.4724146879        0.5469809576        0.3081571184
          0.8414057716       -1.3369165162       -1.9090145237
         -1.5912129746        0.3197551360       -1.7587179430
          1.9372245408       -1.5546826935        0.8179963514
         -1.3074533433       -0.7537132247       -1.8939749327
          1.3889886183       -2.1861590142        0.0751569486
         -2.0381995854        1.2293414856        0.5324556241
          0.6717382971       -0.2102816709        2.5114418498
         -1.1112583074       -2.2698306228        0.0862554280
         -1.7294720270        1.1490062917       -1.0146519410
          1.8379689962       -0.7461804626        1.5905613697
          0.3875908600       -2.4163268219       -0.3787179176
         -0.9752417000       -1.6923414984       -1.3739575802
         -0.0152109296        1.6390565569        1.4288714650
         -0.9276579890        1.9178547170       -0.8780836471
          2.0965717715        0.3112293784        1.3304302255
          0.0851983349        2.1255206107       -0.4215319845
          1.7478996659        1.2421919636        0.7927233753
          0.1069230778       -1.9793607789       -1.3705748724
          0.9237714320        1.6957797289        0.1843847535
         -1.7979585364       -1.3502652560        1.6955077877
         -2.0859810506       -0.2544883574        1.8353116039
         -1.2398999785       -0.7039564564        2.4531811900
          2.2063823047       -0.5043559280        0.5631144625
         -0.7988387422        1.0921421960       -1.6315068800
         -0.2328275457       -1.0460940905       -1.9024386672
          1.1154748399       -1.7623568653       -0.9178097128
         -1.7966669447        0.8144807991        1.5665691351
         -0.4275252213        0.0871326245        2.5664134917
         -0.1397857024       -1.0045010402        2.4267158982
         -2.3523591195        0.1708991728        0.8109299596
         -1.8840764195       -1.5974598844        0.5851957507
         -1.0406420546       -2.0455140284        1.2011352243
         -0.7737067623        1.0261770948        2.0216758157
          1.6500859278        0.9921143874       -0.2960490856
          0.8246464954        1.4306275291       -0.8988407500
         -2.2317880499       -0.6607608565        0.0466599504
         -0.0238871240       -1.8336664364        1.6590278392
          1.9339641395       -0.0809661159       -0.4354279359
          0.2799235626        0.7977319290       -1.6433138003
          1.3906929501       -0.7084368631       -1.1734482469
          0.5616377510       -0.2680097623       -1.7788806905
         -1.7986909767       -0.4178006985       -0.9633112390
          0.8867865458       -1.8444241619        0.9978157945
          0.3169549149        0.7198779473        1.9930577836
         -1.0407597302        1.4411685077        1.0015528014
         -0.5142068501        0.0250437854       -1.7787299691
          1.6714034632       -1.1360381732       -0.1826428497
         -1.9377693783        0.4027905417       -0.2205951013
          0.7836340826       -1.0429189356        1.7667674611
         -0.1094161760       -2.0736831429        0.5518293185
         -1.4728232539       -1.3493884481       -0.4438392167
          1.1142860702        0.3641168978       -1.0452575369
         -0.5952258794       -0.3222725288        0.7963412011
         -1.1259905801        1.1740548325       -0.0952893584
          1.0516911978        0.0171601981        1.4950018273
         -0.3803308793       -1.6325564498       -0.4510615441
         -0.1186263661        1.3807681793        0.3554431195
          0.7077025372        0.9417749741        0.9589024413
         -1.0479359303        0.0264598903        1.6699393166
         -1.5919660544       -0.6037639711        0.9319768393
         -0.7677817505       -1.0416001159        1.5338571301
          1.4181435402        0.2476529124        0.4765483968
         -0.2090072410        1.1120767300       -0.7117076382
          0.3472013989       -0.9882162589       -0.9786122057
          0.0189198128       -0.2704265507        1.6447668604
         -1.3098331896        0.4354628842        0.6744128991
         -0.8552876681       -1.2802792280        0.4555662161
         -0.9973243675        0.3523138593       -0.8414688255
          1.1580135760       -0.7926857717        0.7325073166
         -0.7176617828       -0.7042709664       -0.9755400882
          0.6191145639       -1.4144181016        0.0006732854
         -0.3196186510        0.6387980841        1.1180688390
         -1.1929638597       -0.3712826664       -0.0646661107
          0.1295035264       -1.0738266319        0.9010906771
          0.6125157204        0.6896641249       -0.1213364955
          0.3990618274       -0.0397512678        0.6434139543
         -0.4078976255        0.3889405765        0.0541185848
         -0.1323287637       -0.6542360530       -0.0790116518
          0.0734704153        0.0647114711       -0.8563968424
          0.8928956286       -0.3706058433       -0.2579944164
