          0.2544365092       -1.5680634399        1.8814378836
         -1.5814611095       -0.2596816185        1.6801679989
          2.4663149169        0.0401418603       -1.8128248027
         -0.2390646218        1.9682825438       -2.1092662001
          1.8923409143        2.4610584816        0.4078243242
          0.5171889202       -0.8678614667       -2.3928555849
         -0.3913849072       -0.2203622553       -2.4923674993
          2.6474528753        0.4829433146        1.0967694285
         -0.3005697459        2.5839536998        0.7737688022
         -1.0165996614        2.4180229040       -0.0711285913
          2.8397135645       -0.3304533261        0.3514646711
          1.0497741136       -1.9795348690       -0.2121693512
         -1.9165052802        0.1344703197       -0.5373463711
          0.4177545260        0.6702485887        2.2160864069
          1.1964752724       -1.4003441275       -1.6724787877
         -1.2091356511        0.3141612733       -1.9360547872
          2.3701943788       -1.1290120977       -0.2848722162
         -1.5254567621        1.6474541985       -0.7117322019
          0.3696433149        2.0854642986        1.5257027457
          1.8598405258        1.0233544315        1.6889943748
         -0.4716350261       -1.7546400086        1.0387592526
         -1.4055198480       -1.0890942474        0.9363739473
         -1.1270763865        1.4117545364       -1.7315523518
          2.1703763789       -0.9383837030       -1.3702409131
          1.4706016228        2.0119887211        1.3360304919
         -0.0703740334       -1.9686862761       -0.0177975555
         -1.5805641301       -0.8924075856       -0.1833643130
         -0.7623756077       -1.4440939922       -0.7642802873
         -0.6700782072       -0.9208214303        1.7955420320
         -1.7709054433       -0.0676178096        0.5776343773
          0.6534546437       -1.7953623305        0.8434109880
          1.4926254947       -0.4143986103       -2.1034680881
         -0.3159075972        0.8745445775       -2.3016241751
          2.2703006587        1.4727857444        0.7530289227
          0.7964027459        2.5232460615        0.5915336733
         -0.6286883370        2.1937677948       -1.0910588277
          2.6540020785       -0.1458463445       -0.7313484272
          0.3329253228       -0.4554580145        2.0691334073
         -0.5899516906        0.2022676099        1.9679534747
          1.1421858568       -1.0003500679        1.4874632226
         -1.2726220400        0.7206214951        1.2227684295
          0.6654116246        1.3273905712       -2.0162846197
          1.5662212449        0.6853773098       -1.9175878241
          0.4731025384        2.1385028680       -1.2720613301
          2.2803031684        0.8504899444       -1.0740431677
          1.1828081149        2.3025559668       -0.4339422706
          2.0891593778        1.6565830877       -0.3346274647
         -0.3102871089       -0.9484563235       -1.6662105272
         -0.9320450730        1.6789692000        0.7448246786
          2.0022901950       -0.4122777904        1.0664521282
          0.5911300427        0.2321266371       -2.2145254495
          2.4737700303        0.6677151767        0.0091669540
          0.0844124768        2.3706294894       -0.2526372366
          0.3609444192       -1.4803503872       -0.9483400359
         -1.1246238231       -0.4215883773       -1.1111900755
          1.5347209793       -1.2071397723        0.4400078602
         -1.4394279586        0.9124450570        0.1140399247
          1.2188418686        0.1194869385        1.6558510575
         -0.2709134612        1.1812581959        1.4925629448
          1.3818856709        1.5005400298       -1.1810172062
          0.0259570797       -0.1755103300        0.2917228345
         -0.5800392339       -1.0351109370        0.2312738709
         -1.0335608396        0.6852634056       -0.9152785335
          1.3418589882       -1.0077185367       -0.6549743965
          0.8375949375        1.1173784485        1.2937886067
          0.1396707984       -0.8584847338        1.0716259150
         -0.7629524947       -0.2152122828        0.9726767100
         -0.9312469106       -0.0303788446       -0.1083340547
          0.5221001011       -1.0661450087        0.0509773144
         -0.1469122255        1.2323646176       -1.2836034335
          1.6280156700       -0.0326437264       -1.0891137277
          1.2513613140        1.5555549294        0.3678291714
          0.2135982642        0.2338148630        1.2410771877
          0.6664254629       -0.4865796356       -1.3796990951
         -0.2270118142        0.1501679267       -1.4775842420
         -0.5366768917        1.4582932869       -0.2776416044
          1.8179188788       -0.2198505086       -0.0196173289
          1.6283250666        0.5798046502        0.7136646865
          0.1673734304        1.6210072555        0.5535825654
         -0.1434701146       -0.5607521563       -0.6673630813
          0.9959704224       -0.2954027319        0.6774145954
         -0.4484748379        0.7340373790        0.5191051228
         -0.0623866113        0.5195540309       -0.4854196196
          0.8177558441       -0.1077315334       -0.3889749791
          0.7448982433        0.6042696177       -1.1973270552
          0.5549617685        1.4052572334       -0.4623835567
          1.4500653066        0.7673038991       -0.3643049315
          0.6307635779        0.6795061828        0.3334312740
