          2.2481061816        1.3644406186        0.8567637832
         0.4996033398       -2.2325196975       -1.4676871504
         1.9989732265       -0.5672536259       -1.7523240284
         2.0287901763       -1.8036447535        0.1385177602
        -1.9594108210        1.6090470308       -0.9107208821
        -1.9153883073       -0.2170803336        1.8819940413
         0.2954126482        2.2439020106        1.4626076619
        -2.2580262764       -1.2065840886       -0.0842608806
        -2.2727957145       -0.5937246549       -1.0215207733
         0.1427797577        2.0862485787       -1.4768436011
         0.2054632887       -0.5138622838        2.4995212378
         0.9484416364        0.3129317202        2.3585398104
         0.9005590428        2.2994496904       -0.6794732357
        -0.1710167836       -0.2427091954       -2.3366259356
        -0.1228547519       -2.2399918386        0.7178577731
        -0.3580991350       -1.3456227987        1.9946658201
        -0.4214454781        1.2820920293       -2.0239190891
        -1.6425062209       -0.0732094468       -1.7935425848
        -1.6033913740       -1.6958309315        0.6879504849
        -1.4737907182        1.0324840366       -1.7310486436
        -1.4201497083       -1.1926804032        1.6719156126
         2.2997755284        0.4401289213        0.2515321029
         1.5836904661        1.8438789612        0.0886027867
         1.6078006554        0.8435684310        1.6183900315
         1.2562552997       -1.4084056453       -1.6230473391
         1.2713265139       -2.0333436642       -0.6673148513
         2.0289364852       -1.1919134886       -0.8113675487
         1.2713911476        1.8049301313        1.1601867104
        -2.0877655618       -0.7123927012        0.8998140169
        -2.1171910886        0.5082894075       -0.9669912117
        -0.9094079746        1.8485830286       -1.1950001999
        -0.8560148117       -0.3662278904        2.1921272388
         0.9224176214       -0.4098727344       -2.0643260831
         0.9617723890       -2.0418396889        0.4314784114
         0.1915362319       -2.2582827971       -0.3776099322
         0.1671935233       -1.2488727915       -1.9213211371
         0.6224736827        1.2788735916        1.9112509727
         0.5985246884        2.2724880877        0.3917026765
         2.1849880078       -0.6845557159        0.1979221787
         2.1699674876       -0.0617301637       -0.7545775182
        -0.4838902331       -1.7806754810       -1.1567275840
         1.4934449398        0.4148697061       -1.5284671320
         1.5326751639       -1.2119919811        0.9595258648
        -1.1806391976        0.6069482118        1.7476008225
        -1.2100517803        1.8270666108       -0.1183377129
        -1.9514338775        1.0024137602        0.0222628012
        -1.9367733846        0.3942692003        0.9523046083
        -0.4589562641        2.0383974135        0.6719424711
        -0.4442038730        1.4263936680        1.6078856206
        -1.4433016736       -1.2960136807       -0.8246902000
         0.9617511176        1.3727613267       -1.2765631848
         1.0094323022       -0.6047492064        1.7476783852
        -2.1150826969       -0.0999317760       -0.0320043336
        -0.1586192015        2.0730802106       -0.4018554317
        -0.1197622653        0.4611185103        2.0633318748
        -0.7906510375       -1.7843332213       -0.0618293465
        -0.8147798578       -0.7837242869       -1.5920764604
         0.4062340685        0.5718137618       -1.8214676455
         0.4545763900       -1.4331131756        1.2447052412
        -1.2043517618        1.2232118663        0.8188302105
         1.6445509190        0.9197346799       -0.5171695740
         1.6686829534       -0.0810458280        1.0133386393
         0.4458247699       -0.4539506529       -0.3038608154
        -0.6177946645       -1.2711111173        0.9287028161
        -0.6564397141        0.3318792925       -1.5227686983
         0.4707074914       -1.3273037000       -0.8753254739
         1.2229966860       -1.1163421374       -0.0851689958
         1.2083286970       -0.5081003333       -1.0153669025
         1.3158847200        0.8832079637        0.5567776876
        -1.1325655765        0.8997559305       -0.7020016448
        -1.1036799227       -0.2984562762        1.1304368730
         0.3463723344        1.3158609637        0.8549680678
         0.1736252475       -1.3364462940        0.1928750531
         0.1500041925       -0.3568687661       -1.3052119329
        -1.2771033330       -0.7927076267        0.1601250855
        -1.2916387409       -0.1897216538       -0.7620304158
        -0.0943452531        1.1389630148       -0.9877124088
        -0.0560565886       -0.4492143188        1.4411026635
         1.3607065228       -0.0189492333       -0.0338449133
         0.6739003979        0.3638042503        1.3027611620
         0.6501539531        1.3488783761       -0.2037274520
        -0.4795362912       -0.8736107922       -0.5636816712
         0.7050756448        0.4412177824       -0.7859235710
         0.7285585828       -0.5326982335        0.7035030754
        -0.3186792760       -0.3817342112        0.4046605559
        -0.3330157622        0.2129295926       -0.5047659750
         0.3985469929        0.4187484452        0.2675325491
        -0.3982898843        1.1197235825        0.0783343064
        -0.3837143720        0.5151019656        1.0029885498
        -1.1298321047        0.3051325463        0.2173333417
