          0.9725746822        2.3057092522       -1.1421508170
        -2.7092593286       -0.4354966943        0.1921758394
         1.1302364164       -0.7044334432       -2.3744431958
        -0.6096369741       -1.9996398336       -1.7439658748
        -0.9795280160        0.0916194690       -2.5149220976
         1.3770185010       -0.7723631052        2.2130017111
         0.8300703170        2.3164614591        1.0784500568
        -1.7373501611        0.4050454757        2.0088876226
         2.5381635696       -0.0082708427        0.4704035875
        -0.2638495187       -2.0943308462        1.4858348042
        -1.3102744410       -1.6988236042        1.4169897324
         2.3543386133        1.0294410237        0.0888475074
        -1.0378018468        2.3055772270       -0.1359323681
        -1.9015416839        1.6624949966        0.1770398809
         1.2776504604       -1.9505027907       -0.4812047016
         0.7471732162       -2.1239070615        0.9937982594
         2.1641219159       -1.0690102549        0.4803001795
         1.5687579392       -1.4500136419        1.3499886320
        -2.1244977893       -0.6668094046       -0.7177443687
         0.6767920325        1.4185957927       -1.7328658156
        -2.3200475770        0.6183870193        0.1860294444
        -0.0335779647        2.3206905217       -0.6425743163
         1.6743013261        1.6777710134       -0.5295343787
        -2.0220235158       -1.0741626411        0.8100647879
         0.2637484140       -1.3629125282       -2.0720306093
         0.0766086159       -0.3061063018       -2.4617017977
        -0.8023924563       -0.9604616164       -2.1431796201
         0.9013906743        2.3116673804       -0.0310634741
        -2.2234964373       -0.0148252760        1.1014085014
         1.9589157926       -0.3911867420        1.3429168502
         0.5576293982       -1.4344273299        1.8507382517
         1.2147433978       -1.3408745536       -1.4417378823
         0.3378424512       -1.9936625247       -1.1239655449
        -1.5246594792       -0.6472577388        1.7135390513
         1.5929499495        1.6737741522        0.5836728787
        -0.1514499005        0.7653342215       -2.1420745590
        -1.5688505150       -0.2898321311       -1.6284410535
        -0.1037254956        2.3124538391        0.4711375925
        -1.8207981645        1.0340952954        1.0933823940
        -1.3827297695       -1.3439978711       -1.2401140403
         0.9119859555        0.3642658465       -2.0716457190
         1.6128720388       -0.2750359431       -1.4512501871
        -0.6820162647       -1.9834337122       -0.6196314420
        -1.1656104615        0.7704417301       -1.6338311040
         0.3375418077       -0.3805582393        2.1520098403
         1.1985833045        0.2604753354        1.8399611498
        -0.8829754082        1.0469693966        1.7029734050
        -0.0278800727        1.6835779588        1.3930875672
         1.0164717937        1.2891215969        1.4618666211
        -0.6997321592        0.0114295184        2.0838314072
         2.0542008142        0.1513471534       -0.5095641479
        -0.7360479687       -1.9258593811        0.5015962868
        -1.3234058968        1.4212756790       -0.7321551514
        -0.4858239809       -1.0445253260        1.7945063597
         1.7849415567        0.6460363898        0.9715541293
        -0.9669611900        1.6831408658        0.7895742600
         0.2658664302       -1.9572577169        0.0082772517
         1.6828787675       -0.9023628638       -0.5052421869
         0.1579183186        0.6558308808        1.7830185170
         1.3814464566        0.7944082923       -1.1285267930
        -1.4447284893       -1.3095498667       -0.1043789399
        -1.7420473019        0.3846423343       -0.7283899316
        -0.3279685599        1.4373551455       -1.2408397489
        -0.0311163887       -0.2727713525       -0.6462196055
         1.0892563057       -1.2785502952        0.3791618934
        -0.3154916693       -1.1213277480       -1.1840732614
         0.5402455274       -0.4842914769       -1.4941710822
        -0.4974242766       -0.0927683254       -1.5632768266
        -1.6351014046       -0.2440761167        0.1977193827
         0.6056051763        1.4241139872       -0.6143095520
         0.8928984215       -0.6005060329        1.2302034083
         0.5337593069        1.4255044003        0.4859573966
        -1.1498204998        0.1720945945        1.0960902446
         0.6099192261       -1.0991297010       -0.5748624340
         1.4728269358       -0.2259088167        0.3696787070
         0.0837835221       -1.2600193506        0.8730594426
        -1.0598938304       -0.4684629417       -0.6874735734
         0.3159588288        0.5557892209       -1.1860549765
        -0.9446837947       -0.8711151398        0.8059431382
         1.2922580491        0.7942489779       -0.0047451611
        -0.3898329095        1.4272188264       -0.1160498754
        -1.2379273456        0.7958125015        0.1912848538
         0.9955081216       -0.0660380227       -0.5860668773
        -0.3794005145       -1.0895925039       -0.0878182202
        -0.6684782893        0.5594820536       -0.6953029811
         0.4272297524       -0.4384687947        0.2781418373
        -0.5844921403       -0.0543000691        0.2121034076
         0.2481956788        0.5656206558       -0.0896596335
        -0.3111145117        0.8075801580        0.8005513024
         0.7200568162        0.4174998311        0.8682217988
        -0.1297702321       -0.2151829550        1.1762047539
