         -0.1918606072        0.0257473784        2.9989007462
         -0.3922578323       -2.3901315639        0.2121398839
          1.3701811367       -2.2129331047        1.6100948892
          2.3380511046        0.7217031823       -1.7922260374
         -0.6054810129        2.0504397393       -0.9544337404
          1.9934419431        2.3143082203        1.1191315926
         -0.6150854040       -1.2934912603        2.1883926747
          0.7639579394        0.5922082152        3.1573098908
         -0.5310143974        0.0515202638       -1.9366987064
          0.4569192033       -0.3944794611       -2.2171502013
         -0.1322586674        1.1199566164        2.7555182304
          3.2905396068       -0.1051414550        0.0445178470
          1.7785330299        0.8089077536        2.7439701969
          3.1733646264        0.4279183771        1.0235204784
         -0.9018629927        1.7858896001        1.2402912253
          1.6670537560       -1.8957228534       -0.6199195601
         -1.5513099496       -0.4413339371        0.2974492309
          1.3641157722       -0.9402854017       -1.8387752156
          2.7972707579       -0.7938239307       -0.6954698039
         -1.2516771832        0.2409247164       -1.0944310563
         -1.4396390193        1.1193286601        0.5108876468
          2.3064495758       -0.3776000879       -1.6125148062
         -1.2803847477        1.2417251777       -0.5912596531
         -0.0298084276        1.8711091280        1.9366223089
          2.4886089716        0.6227880313        1.8939304318
          0.4884315581       -2.3183800436        0.9138434631
         -0.5160995197       -1.8574743158        1.2046792602
          0.3741858764       -1.7672316729        1.9099573927
         -0.5693890239        1.0518792273       -1.4465716158
          1.3983795218        0.1634529170       -2.0060223791
          2.8154771608        0.3080908983       -0.8752181031
         -0.7557340745        1.9203845601        0.1416008166
         -0.9890521955       -1.4301230411        0.2566416336
          1.5252980447       -2.0759620695        0.4964967461
          0.6372202218       -2.1652856208       -0.2082153156
          1.8871992273        1.5634185434        1.9322580691
          2.5840012348        1.3715316517        1.0720150313
         -1.1015059792       -0.8821406434        1.2497718686
         -0.2776367530       -1.6252412494       -0.6091216096
          1.3387565658       -1.1973688590        2.1042690612
          2.0437291922       -1.3880962399        1.2388009076
          0.9816986853        2.0951810300        1.5291005041
          1.3570087338        1.1693727880       -1.5186221579
          0.3766978152        1.6119709374       -1.2396931340
          2.2278330624        1.2576896972       -0.8232327987
          0.2612371241        2.1452429730       -0.2633350576
          2.1129139038        1.7877596925        0.1466535334
          1.1264857180        2.2328457572        0.4276822817
          1.2906781413       -0.1675160131        2.5576847386
         -0.1423895806       -0.8320974676       -1.3985347097
          2.6793271559       -0.5445914704        0.8522355663
          0.8778199471        1.3506124470        2.3486266749
          0.3398568835       -0.7334673175        2.3899507586
         -0.5756038266       -0.1926674438        1.9837656318
          0.4140811653        0.6137353095       -1.7376758829
          2.7103549237        0.8471822780        0.0959443161
          0.1111635692        2.0205684980        0.8365266637
          0.7550007476       -1.3780767726       -1.0207264694
         -0.8579868509       -0.6492337063       -0.5612497306
          2.1882275082       -1.2321362210        0.1217596435
         -1.0466027753        0.2289310162        1.0408453164
          1.2467652708        1.7108042316       -0.5502955526
         -0.5128898248        0.8925844467        1.7527029674
          2.0024958048       -0.3554998283        1.7193701032
          0.5622438336       -0.5302484999        0.5902281879
          1.7021806722       -0.8018027810       -0.8016464212
         -0.8821345994        0.3653559547       -0.0661176315
          0.3974054906        0.3722170386        2.1469418327
          0.0930871730       -1.4430303871        0.4035723022
          0.9605778438       -1.3562558802        1.0909191595
         -0.0174806972       -0.9072177742        1.3731165723
          1.7274289154        0.2914329872       -0.9725662383
         -0.2042920637        1.1635041072       -0.4236285695
          1.1016684315       -1.2087107098        0.0019343449
         -0.4774050684       -0.4955055574        0.4511399548
          1.5005749762        1.3364427888        0.9378886545
         -0.1734117080        0.1748606307       -0.9125238431
          0.7988181576       -0.2638404203       -1.1882634878
          2.2039471384       -0.1203973250       -0.0676126535
          1.3996204557        0.5937384682        1.7450700273
         -0.3577570267        1.0368101284        0.6590970816
          2.0896849389        0.4052377272        0.8942872168
          0.9233063164       -0.3589668735        1.5576879333
          0.2128011734       -0.6856143628       -0.3852804085
          1.6036818188       -0.5434828350        0.7226791410
          0.0299052468        0.1666819578        1.1623097277
          0.4998723985        1.1244475562        1.3455822778
          1.1385498726       -0.1286698072       -0.1818077139
          0.1798604423        0.3038675648        0.0891174327
          0.7627282417        0.7357842906       -0.7081131513
          1.6227411433        0.8229993583       -0.0213322475
          0.6481396265        1.2628687677        0.2556064744
          1.0248983434        0.3901943486        0.7643362801
