          0.2661337661        1.0345597462        2.7438616530
          2.7114750863       -1.0194807446        0.8907452778
          1.9334189165        2.5561503904        0.3992044937
          2.5904556539        1.1663788993       -1.2525492137
         -1.9896273650        0.7876277191       -1.2237992973
         -1.5094747812       -0.0590649733        1.9661738511
         -0.5290588803       -2.1163462897       -0.4673274599
          2.9135337247        0.5705473651        0.9066675906
          2.3221115440       -1.7656352090        0.1481222844
         -0.2455266440        0.0782786323       -2.4157982059
         -1.3093534651        2.3239641920        0.2419865799
          1.8762799517       -1.7154430957        1.1691257475
          1.6691406934       -1.9132327289       -0.7461834197
         -1.1482913586        2.0399646501        1.3139090438
          0.2478026538       -0.8958346531       -2.1607642698
          0.4435187369       -1.1216253470        2.1316597504
          0.5797991217        2.2158717065       -1.3963629195
         -0.8763285406        2.3010172592       -0.7958181876
         -0.3383030443        1.1652254869       -2.1399648375
         -1.2079735572        1.5204878769       -1.5291354308
          0.7742553171       -1.8109588975        1.3134410949
          1.1176588757        1.2924923411        2.0865187030
         -0.4469042889        1.5449962645        2.0411909771
          0.3529175870       -0.0472214484        2.4537408493
          0.9615273753       -1.4171224641       -1.4645286718
          2.2739452648        1.8725985812       -0.4313504901
          2.4386343353        1.5754139664        0.6596632784
         -0.6227373316        0.4875181609        2.3553988188
          2.7693512382        0.8734102597       -0.1742297880
         -1.1188980888        0.4335828882       -1.8210181822
         -1.6510018304        1.5567565642       -0.4920585778
          1.2655969205        2.4057471576       -0.5045359552
          1.5972690191        1.7052006231       -1.3374616601
          0.5692924293       -2.0168185026       -0.6073947812
          1.5351516647        1.9371506995        1.2568089064
         -1.3297205468        0.9909285469        1.6409545760
         -0.5344555542       -0.5909285239        2.0512448546
         -0.1405125819       -1.5070677433       -1.3145731329
          2.0296697905        0.9412119437        1.5115617447
          0.8187320912        2.4472730487        0.5400288674
          2.4037607644        0.1011930350       -0.9240001042
          1.6875902312        0.6117315997       -1.6379317419
          0.1223401543       -1.9666276346        0.4237796805
         -1.8367738997        0.5054578475       -0.1589495740
         -1.5078645434       -0.1845789106       -0.9748564061
         -1.6768052850        0.2236195085        0.9035606917
         -1.1864429817       -0.7499299336        1.1569315589
         -1.0209506652       -1.1516316480       -0.7229030309
         -0.8595410373       -1.4351779881        0.3465745261
          2.1797852027       -0.9459359096       -0.5743137075
         -0.2897610415        2.2943270448        0.6667534475
          0.7693624979        0.0607927157       -1.9812314425
          1.2215343860       -1.8761505978        0.2832497251
          2.5611557542       -0.1962125866        0.1634090048
          2.1075586331       -0.1477836395        1.2081099936
         -1.5030059848        1.2765270850        0.5770815385
         -0.6380027737       -0.5433844711       -1.5758536931
         -0.2121991389       -1.2889137293        1.2433711651
          0.1450376654        2.2744656935       -0.3620565254
          0.6829703651        1.1405907312       -1.7070576946
         -1.3585933399       -0.4705311437        0.0917800991
          1.2871870263       -0.8446523568        1.4813990791
          0.4094155039        1.8074727632        1.3903900375
          1.4822694412       -0.4559172067       -1.2946196756
          1.2077154012        0.2160070126        1.8038058503
          0.9728790158        0.6943336762        0.0450820887
         -0.2009380110        1.4873637697       -1.0968024264
          1.7196798638       -0.8995486054        0.4485361684
          1.4437149783        1.6088244736        0.2195164967
          1.7666971651        0.9256964430       -0.5934262543
          0.2220945732        0.7416327496        1.6941874891
          1.9259672450        0.6368838862        0.4689514134
         -0.9708727220        0.7550231072       -0.7874943020
         -0.6564282372        0.1996327367        1.3051136872
          0.7896576603        1.4446304190       -0.6621270075
         -0.0122379563       -1.1503466884       -0.2903755204
         -0.1103621206        0.4072965075       -1.3830147624
         -0.6374773448        1.5202318802       -0.0651336561
          1.0498647539        0.9912527560        1.0481144472
          1.0757597274       -1.0545972349       -0.4330193582
         -0.4798272276        1.2410986332        0.9885497666
          0.3727440599       -0.5514972370       -1.1328104049
          0.3058087777       -0.3263626421        1.3952525763
          1.5698378873       -0.1074830842       -0.2642168550
          0.3581039045        1.4855670291        0.3520383204
          0.8791484536        0.3852116323       -0.9535966852
          1.1297188025       -0.0597866634        0.7546946825
          0.6309791205       -1.0069156860        0.5924079543
          0.0150217959        0.7275748585       -0.3686544476
          0.1694253346        0.4520096392        0.6677935467
         -0.8268781469        0.4771272678        0.2605696123
         -0.5016156370       -0.2041362610       -0.5445849367
         -0.3429882203       -0.4844489355        0.5115717875
          0.4894576355       -0.2171142804       -0.1206978573
