          1.2929962444        3.1136002690        0.6637204745
         -0.0222624376       -0.1142310226       -2.3542874029
          2.0183285212       -0.7915204033       -1.6689791189
         -0.7371881830       -1.7532005195        1.8845231071
         -1.4448707118        1.5050365619        1.7037545530
          1.5722913003        0.5052157122        2.7179484430
          1.5459447684        1.4228132384       -1.7641184974
          2.9113917670        1.6135398659        0.3415003406
         -2.1476763807        0.1273025414        0.0996619735
         -1.9101151964       -0.9657881112        0.1606697299
          1.3835339657       -2.0506421944        1.2641058725
          1.5375266219        2.7878768445       -0.3746699516
          3.0059195054        0.7341194899        1.0294526295
          2.1606450022       -1.2905828729        1.5407113426
          0.4607220995        2.9203303116       -0.0552255626
          0.1628264625       -1.8718194363       -0.9189907813
          2.3575202291        2.0409083601       -0.5381893525
         -0.6099343741        1.6916256363       -1.1091224068
         -1.1198481609       -1.7493276678       -0.0036350585
          0.5458030164       -2.2983972483        0.5547973059
         -1.7472435970        1.1459827041       -0.1626186547
         -0.5202944824       -2.1362783169        0.8608756531
         -1.3791196837        1.8351918549        0.6408414344
          2.5987969026       -0.2824579263        1.2933689241
         -0.4665210104        2.3906775177        0.2931757537
          1.0014151509       -0.4589640996       -2.0273834957
          2.1041474283        2.3651597212        0.5022101306
          0.7618400274        0.6577495414       -2.0808198611
         -1.3245785112       -1.3608408098        1.0231869704
         -1.7978369475        0.8172712438        0.9025440508
          0.3225266914       -1.9037286861        1.5750215847
          1.7915606555        0.3163922704       -1.7334187730
          1.0966237275       -1.3463356202       -1.3107805498
          0.0677625469       -1.0050030872       -1.6563124149
         -0.3231720004        0.7958577970       -1.7531112626
          0.3753214208        2.5851614919        1.0103691727
          2.2901798062        0.6191747747        1.8749554370
          1.8679212367       -0.3925337098        2.1301177091
         -0.5369746809        2.0487167189        1.3556610505
         -0.7462824844       -0.2287446753       -1.4962283314
          2.3720190721       -0.0983178923       -0.8494564578
          1.9474935969       -1.1177169759       -0.5913635534
          1.3873206059        2.2475339946        1.3521839337
         -0.9789807828       -0.6681158483        1.8302549340
          0.0329672490       -1.0024711217        2.1693710731
         -1.2148642611        0.4171153463        1.7703023053
          1.4806286498        1.3788880333        2.0356421076
          0.8023275557       -0.2504066075        2.4469215437
          0.4651132884        1.5655270092       -1.4615217347
         -0.4401141314        1.1745297293        2.0481377098
          0.5648348534        0.8412741882        2.3853949607
         -1.4343011420       -0.3317861120       -0.6090497044
          2.6807664619        0.5960553390       -0.0182298619
          1.8440012118       -1.4122041819        0.4896337308
         -1.5724118275       -0.2740089425        0.9701438900
          2.2030212204        1.4985025930        1.1949987346
          1.0974390282       -1.1542801764        1.8640607785
          2.1284182847        1.0149486287       -0.8954776117
         -0.6488029983       -1.1079552671       -0.7777697664
          1.0158642091       -1.6569605374       -0.2194550544
         -1.0367529439        0.6778807422       -0.8744498314
          0.4704298596        1.7206872357        1.7053315777
         -0.2097650284        0.0848957539        2.1199039348
          2.2837056330       -0.4155383858        0.2412560283
          1.3020619171        1.7773839429       -0.7319055849
          0.2383832517        1.9099563798       -0.4132901648
          0.6295376021        0.1269323141       -0.3472240606
         -0.0549857420       -1.4954275164        0.1024403218
         -0.6751179408        1.3648714032       -0.0531635328
          1.0639722229        2.0859002422        0.3142093830
          0.3083202591        0.0090104628       -1.3326453276
          1.3123444883       -0.3247965321       -0.9954283680
          1.0769166507        0.7604773255       -1.0472664012
         -0.2669046088       -1.1059716256        1.1173346145
         -0.7324443689        1.0313482485        0.9997973862
          0.4047160492       -0.8526659424       -0.6374250848
          1.8676213316        1.3490850161        0.1508762544
          1.2481053199        0.3753052949        1.6648361341
         -0.8508361622       -0.7218308360        0.2632783199
         -1.0852484332        0.3534360761        0.2036892135
          0.7818435257       -1.2600694984        0.8106047875
          0.0236648707        0.8924212845       -0.7324698828
          1.9630549364        0.4863701265        0.8324553105
          1.5453762953       -0.5138131977        1.0852270686
         -0.3841668983       -0.0980094071       -0.4838423861
          1.6403830767        0.3522290515       -0.1903299675
          1.2308994634       -0.6308332376        0.0583812873
          0.1602226646        1.5721108141        0.6571861472
          0.8422908521        1.0987346576       -0.0314066056
          0.1871482019       -0.4843610478        0.3727281865
          1.1592029251        1.2388524548        0.9963397783
         -0.5088612089       -0.0393329256        1.0683685630
          0.4902184611       -0.3696452050        1.4034951716
         -0.0453893010        0.5749962287        0.3148671961
          0.2550457157        0.7082257076        1.3436616208
          0.9367240107        0.2497373960        0.6447783023
