          0.5166591022        2.6712523887       -1.3708664584
         -0.1027598261       -0.0536157748       -2.6321682986
          1.9884305920       -0.6336285336       -2.0141387784
          1.1254477760        3.1981417019        0.3808149554
         -0.6110035077       -1.7819824675        1.6026157677
         -1.4915841629        1.4370313199        1.4851063996
          1.6009161878        0.5855290251        2.4013344551
         -2.1680785067        0.0428337982       -0.1162256810
         -1.8712496855       -1.0362377241       -0.0782531665
          2.8130879501        1.7895645377        0.0027218819
          1.5040286972       -1.9606273999        0.9203722808
          2.9719644850        0.9088376251        0.6773235384
          2.2484097938       -1.1642203039        1.1848063438
          1.3950853494        1.5619432744       -2.0579412422
          0.2131500385       -1.8194246388       -1.2274685438
          2.2136120214        2.1961124410       -0.8570379559
         -1.0466141400       -1.7756702672       -0.2743111929
          0.6605930528       -2.2433994788        0.2309091664
         -1.8295032784        1.0836220397       -0.3764818307
         -0.7381674212        1.7085463323       -1.3447544317
          1.3586313535        2.8945502387       -0.6658354241
          0.2843380186        2.9668888547       -0.3148578447
         -0.4035142377       -2.1410526992        0.5682575382
         -1.4741346864        1.7820764484        0.4251302833
          2.6263353828       -0.1312225532        0.9391314462
         -0.6023991035        2.3880807962        0.0573406622
          0.9461043096       -0.3493725697       -2.3390223716
          1.9706498797        2.4955154327        0.1921325512
          0.6479626916        0.7549705209       -2.3690995703
         -1.2421699226       -1.4106707740        0.7629799739
          0.4460007128       -1.8730850627        1.2622141021
         -1.8313467638        0.7407487402        0.6853910643
          1.7027719756        0.4631625585       -2.0565512382
          1.1072040376       -1.2409314099       -1.6379578260
          0.0525340159       -0.9486729661       -1.9497855671
         -0.4324432715        0.8321978990       -2.0098190731
          2.2875663298        0.7467334181        1.5405500534
          1.9261465681       -0.2892750174        1.7941238188
          0.2486481262        2.6189051506        0.7503993849
         -0.6239573806        2.0320620165        1.1179524469
         -0.7953398960       -0.2171145961       -1.7562031054
          1.9654685944       -0.9779358508       -0.9389547413
          2.3295322950        0.0649000310       -1.1945606700
          1.2857878494        2.3320706887        1.0602388674
         -0.9101337370       -0.7104732163        1.5698462358
          0.1269443986       -0.9952723342        1.8763473802
         -1.2036366453        0.3616982691        1.5311341722
          1.4445553787        1.4616775370        1.7329233622
          0.8639107038       -0.2067763027        2.1423435006
         -0.4614619576        1.1560657968        1.7965047974
          0.5685040023        0.8721824992        2.1014429016
         -1.4519103458       -0.3672305215       -0.8519461771
          1.9083503849       -1.2907642950        0.1411271565
          2.6257889371        0.7642479608       -0.3623727274
          0.3235401860        1.6333422919       -1.7259029206
         -1.5474712770       -0.3379287200        0.7318767542
          2.1358859148        1.6286580606        0.8745256862
          1.1890123030       -1.0875413472        1.5397967627
          2.0291114127        1.1627884341       -1.2193063888
         -0.6326699520       -1.1005212209       -1.0528350260
          1.0738519925       -1.5695439093       -0.5484840687
         -1.1138325814        0.6662762213       -1.1148198579
          0.4090563197        1.7539132815        1.4357585638
         -0.1731118691        0.0787714507        1.8481095337
          2.2888272630       -0.2695846073       -0.1055732023
          0.5925349284        0.1918773427       -0.6404101173
          1.1745019707        1.8697192151       -1.0137798330
          0.0060100204       -1.4680053406       -0.1945414574
          0.1063664667        1.9433589484       -0.6616260428
         -0.7676254946        1.3561196464       -0.2937316596
          0.2498518220        0.0718446197       -1.6186055538
          1.2792363561       -0.2140332874       -1.3142696929
          0.9419983461        2.1639130760        0.0297094151
         -0.1969533382       -1.1021946192        0.8314870259
          0.9866351461        0.8560552133       -1.3436297665
         -0.7762342712        1.0090253920        0.7556407302
          0.4101299060       -0.7932722072       -0.9383920513
          1.2542714201        0.4503157151        1.3565752681
         -0.8240738844       -0.7386873662       -0.0011420018
          1.7806894760        1.4712724623       -0.1601730610
          0.8494335153       -1.1975476605        0.4938910513
         -1.1160793834        0.3231886757       -0.0394897262
          1.9384584309        0.6079475108        0.5063723513
          1.5809801202       -0.4159808044        0.7571636509
         -0.0627498972        0.9289921279       -0.9978789013
         -0.4121860110       -0.0822560314       -0.7523603423
          1.5948160759        0.4683895456       -0.5089035804
          1.2438259288       -0.5374995130       -0.2623638159
          0.0771600289        1.5988041436        0.3969984772
          0.7646012202        1.1669803587       -0.3145657762
          0.2027919133       -0.4493370807        0.0830610654
          1.1018644000        1.3158690382        0.7022840536
         -0.4952306860       -0.0491729068        0.8037570685
          0.5287530623       -0.3307976200        1.1067347005
         -0.0860986666        0.5968579433        0.0460529953
          0.2366782020        0.7342104618        1.0675612534
          0.9210703463        0.3188757032        0.3446249689
