          2.1762293814        1.3947509456       -0.9427661843
         0.7727577231        2.6089061301        0.3384813538
        -2.0076126259       -0.1392978172       -2.0874549011
         0.8016056452       -1.5432349485        2.3201791532
        -2.2380350215       -0.7599866259        1.1843431786
        -0.1618000241       -2.5561850257       -0.7110823809
         0.1176034803       -0.4084353833       -2.7097267463
        -0.0314564446        0.4942173759        2.6821665759
         2.2352496016       -1.4667489636        0.6128365200
        -2.1491193868        1.5525445818       -0.6404276867
        -2.2231518445        1.3459277960        0.4603353216
        -1.0519068625        0.7605857956        2.2980061237
         1.9121014130       -1.8036270595       -0.4079088817
         0.7408856318       -1.2182985079       -2.2455350770
         0.0929139395        1.8944913974       -1.7137947781
         2.0020172189        0.9403951234        1.2815632374
        -1.4535856535        1.6173133325       -1.5236303033
         1.0534472017        0.3643956898        2.4098806579
         2.2001970034       -0.6276744859        1.3629729993
        -0.3068155522        0.6252305891       -2.5705041817
        -1.3712208088        0.7616015584       -2.2441052091
         1.4701268357       -0.6583924120        2.2139410441
        -1.6511928845        1.0603839391        1.3901494174
         1.3359389691       -1.5238442159       -1.3368451494
         1.4845403682        2.0155753555       -0.3041669864
         0.3858235061       -0.5252373309        2.5032330623
        -2.0799588046        0.7070651834       -1.3655553233
        -0.9462103043       -0.2737645466       -2.4005555145
         1.5195603345       -1.5060585611        1.4682121720
         1.1465539189        1.6610126470       -1.3398965683
         2.1088843663        1.1800764904        0.1699868278
         1.4006370899        1.7927828788        0.8165608881
         0.4383000373        2.2737216452       -0.6933323691
        -2.2318327222        0.2931635077        0.8237418515
        -1.6466765132        0.0007254210        1.7418460182
         0.8755210544       -2.1812858298       -0.5607188601
         0.2903762497       -1.8888532450       -1.4788055166
         0.3107743184        1.9291218878        1.1131358458
        -0.2783004608        2.2235184565        0.1888852034
         1.5753122426        0.6199311463       -1.5032965055
         2.1643798447        0.3255376030       -0.5790568672
         0.4813059685       -1.8889490282        1.3119791541
        -1.3960056518       -0.9507426201       -1.6335029675
        -2.0925729087       -0.3481233691       -0.9976016412
        -0.2152564371       -1.2863328896        1.9478887175
         0.1606898972       -2.2264031334        0.3020806184
        -0.7808838101       -1.7558417513       -1.1752387285
        -2.1694300198       -0.5545698498        0.0923831087
        -1.2278521210       -1.0251338374        1.5697094159
        -1.5496366970       -1.3643097522        0.5530994221
        -0.8580578790       -1.9626153306       -0.0782545632
        -1.3088087239        1.7963274552        0.0336702775
        -0.1482410310        1.2163208513        1.8545871826
         2.1075929904       -0.7352238090       -0.2048005248
         0.9470326434       -0.1552206751       -2.0257057457
        -0.6361962688       -0.2668114366        2.1343868611
        -2.1697997542        0.4996242364       -0.2718222340
        -0.3320264586       -1.0902676671       -1.9495319276
         1.2015623456       -1.8566943319        0.4566528029
         0.5313784073        0.8733517887       -1.8858948708
         2.0747148609        0.1020516054        0.5355811245
        -0.6143036188        1.8644818298       -0.8400090876
         0.9290482715        1.0931747869        1.5814906545
        -1.4839245076       -1.1640922983       -0.5426066995
        -0.5390205288       -1.6363182716        0.9399378431
        -0.7424903191        1.5201917071        0.9574468108
         1.5428815672       -0.4569185904       -1.1289014844
         0.4195198978        0.5580953118       -0.0896158922
         1.3391163072        0.0563898960        1.3931111882
        -0.5451473889        0.9980712403       -1.5632792357
         0.5921186674        1.5656284395        0.1213021289
         1.2827845162        0.9681223270       -0.5092172556
        -1.1728313102        0.0997492640       -1.3995476403
         0.6693170986       -0.8208843411        1.4907642618
         0.2674808514        1.2200851869       -0.8834956452
         1.1988947991        0.7546004740        0.5778809676
         0.0372897040       -1.4866539270       -0.4973018052
        -1.3252263438       -0.3079096566        0.7465595877
         0.2605285763        0.1882313576        1.6757996780
        -1.2460201106        0.9411461717       -0.6879603310
        -0.1222376855       -0.0310561340       -1.7138655652
         1.3843025992       -0.7839651096        0.6498797394
        -1.3219946638        0.7370132190        0.3931848553
        -0.7435629179        0.4479356585        1.3007380514
         1.0668120024       -1.1182550350       -0.3519899716
         0.4883897233       -0.8291820585       -1.2595284648
        -0.4264161308        1.1729227275       -0.0263267777
         0.1414983943        0.8891010834        0.8647244209
         1.2535855207       -0.0729838474       -0.1505212961
         0.6856754450        0.2108355892       -1.0415653995
        -0.3652480616        0.3352600345       -0.7380907785
         0.5458977211       -0.1200949896        0.6914875375
        -0.5747076425       -0.7024835512       -0.9562721421
         0.3543072999       -1.1667687407        0.5013426001
        -1.2621947484       -0.1077174472       -0.3286547109
        -0.3331786360       -0.5720034457        1.1289621328
        -0.6516097734       -0.9077399083        0.1261680236
         0.2327020109       -0.4515163471       -0.2921325655
        -0.4423944557        0.1325216477        0.3241723040
