generated by gen_cubic.py
         0         1       256  0.0
     20.993868000000       0.000000000000       0.000000000000
      0.000000000000      20.993868000000       0.000000000000
      0.000000000000       0.000000000000      20.993868000000
 Ar               1
    0.000000000          0.000000000          0.000000000
 Ar               2
    2.624233500          2.624233500          0.000000000
 Ar               3
    2.624233500          0.000000000          2.624233500
 Ar               4
    0.000000000          2.624233500          2.624233500
 Ar               5
    0.000000000          0.000000000          5.248467000
 Ar               6
    2.624233500          2.624233500          5.248467000
 Ar               7
    2.624233500          0.000000000          7.872700500
 Ar               8
    0.000000000          2.624233500          7.872700500
 Ar               9
    0.000000000          0.000000000         10.496934000
 Ar              10
    2.624233500          2.624233500         10.496934000
 Ar              11
    2.624233500          0.000000000         13.121167500
 Ar              12
    0.000000000          2.624233500         13.121167500
 Ar              13
    0.000000000          0.000000000         15.745401000
 Ar              14
    2.624233500          2.624233500         15.745401000
 Ar              15
    2.624233500          0.000000000         18.369634500
 Ar              16
    0.000000000          2.624233500         18.369634500
 Ar              17
    0.000000000          5.248467000          0.000000000
 Ar              18
    2.624233500          7.872700500          0.000000000
 Ar              19
    2.624233500          5.248467000          2.624233500
 Ar              20
    0.000000000          7.872700500          2.624233500
 Ar              21
    0.000000000          5.248467000          5.248467000
 Ar              22
    2.624233500          7.872700500          5.248467000
 Ar              23
    2.624233500          5.248467000          7.872700500
 Ar              24
    0.000000000          7.872700500          7.872700500
 Ar              25
    0.000000000          5.248467000         10.496934000
 Ar              26
    2.624233500          7.872700500         10.496934000
 Ar              27
    2.624233500          5.248467000         13.121167500
 Ar              28
    0.000000000          7.872700500         13.121167500
 Ar              29
    0.000000000          5.248467000         15.745401000
 Ar              30
    2.624233500          7.872700500         15.745401000
 Ar              31
    2.624233500          5.248467000         18.369634500
 Ar              32
    0.000000000          7.872700500         18.369634500
 Ar              33
    0.000000000         10.496934000          0.000000000
 Ar              34
    2.624233500         13.121167500          0.000000000
 Ar              35
    2.624233500         10.496934000          2.624233500
 Ar              36
    0.000000000         13.121167500          2.624233500
 Ar              37
    0.000000000         10.496934000          5.248467000
 Ar              38
    2.624233500         13.121167500          5.248467000
 Ar              39
    2.624233500         10.496934000          7.872700500
 Ar              40
    0.000000000         13.121167500          7.872700500
 Ar              41
    0.000000000         10.496934000         10.496934000
 Ar              42
    2.624233500         13.121167500         10.496934000
 Ar              43
    2.624233500         10.496934000         13.121167500
 Ar              44
    0.000000000         13.121167500         13.121167500
 Ar              45
    0.000000000         10.496934000         15.745401000
 Ar              46
    2.624233500         13.121167500         15.745401000
 Ar              47
    2.624233500         10.496934000         18.369634500
 Ar              48
    0.000000000         13.121167500         18.369634500
 Ar              49
    0.000000000         15.745401000          0.000000000
 Ar              50
    2.624233500         18.369634500          0.000000000
 Ar              51
    2.624233500         15.745401000          2.624233500
 Ar              52
    0.000000000         18.369634500          2.624233500
 Ar              53
    0.000000000         15.745401000          5.248467000
 Ar              54
    2.624233500         18.369634500          5.248467000
 Ar              55
    2.624233500         15.745401000          7.872700500
 Ar              56
    0.000000000         18.369634500          7.872700500
 Ar              57
    0.000000000         15.745401000         10.496934000
 Ar              58
    2.624233500         18.369634500         10.496934000
 Ar              59
    2.624233500         15.745401000         13.121167500
 Ar              60
    0.000000000         18.369634500         13.121167500
 Ar              61
    0.000000000         15.745401000         15.745401000
 Ar              62
    2.624233500         18.369634500         15.745401000
 Ar              63
    2.624233500         15.745401000         18.369634500
 Ar              64
    0.000000000         18.369634500         18.369634500
 Ar              65
    5.248467000          0.000000000          0.000000000
 Ar              66
    7.872700500          2.624233500          0.000000000
 Ar              67
    7.872700500          0.000000000          2.624233500
 Ar              68
    5.248467000          2.624233500          2.624233500
 Ar              69
    5.248467000          0.000000000          5.248467000
 Ar              70
    7.872700500          2.624233500          5.248467000
 Ar              71
    7.872700500          0.000000000          7.872700500
 Ar              72
    5.248467000          2.624233500          7.872700500
 Ar              73
    5.248467000          0.000000000         10.496934000
 Ar              74
    7.872700500          2.624233500         10.496934000
 Ar              75
    7.872700500          0.000000000         13.121167500
 Ar              76
    5.248467000          2.624233500         13.121167500
 Ar              77
    5.248467000          0.000000000         15.745401000
 Ar              78
    7.872700500          2.624233500         15.745401000
 Ar              79
    7.872700500          0.000000000         18.369634500
 Ar              80
    5.248467000          2.624233500         18.369634500
 Ar              81
    5.248467000          5.248467000          0.000000000
 Ar              82
    7.872700500          7.872700500          0.000000000
 Ar              83
    7.872700500          5.248467000          2.624233500
 Ar              84
    5.248467000          7.872700500          2.624233500
 Ar              85
    5.248467000          5.248467000          5.248467000
 Ar              86
    7.872700500          7.872700500          5.248467000
 Ar              87
    7.872700500          5.248467000          7.872700500
 Ar              88
    5.248467000          7.872700500          7.872700500
 Ar              89
    5.248467000          5.248467000         10.496934000
 Ar              90
    7.872700500          7.872700500         10.496934000
 Ar              91
    7.872700500          5.248467000         13.121167500
 Ar              92
    5.248467000          7.872700500         13.121167500
 Ar              93
    5.248467000          5.248467000         15.745401000
 Ar              94
    7.872700500          7.872700500         15.745401000
 Ar              95
    7.872700500          5.248467000         18.369634500
 Ar              96
    5.248467000          7.872700500         18.369634500
 Ar              97
    5.248467000         10.496934000          0.000000000
 Ar              98
    7.872700500         13.121167500          0.000000000
 Ar              99
    7.872700500         10.496934000          2.624233500
 Ar             100
    5.248467000         13.121167500          2.624233500
 Ar             101
    5.248467000         10.496934000          5.248467000
 Ar             102
    7.872700500         13.121167500          5.248467000
 Ar             103
    7.872700500         10.496934000          7.872700500
 Ar             104
    5.248467000         13.121167500          7.872700500
 Ar             105
    5.248467000         10.496934000         10.496934000
 Ar             106
    7.872700500         13.121167500         10.496934000
 Ar             107
    7.872700500         10.496934000         13.121167500
 Ar             108
    5.248467000         13.121167500         13.121167500
 Ar             109
    5.248467000         10.496934000         15.745401000
 Ar             110
    7.872700500         13.121167500         15.745401000
 Ar             111
    7.872700500         10.496934000         18.369634500
 Ar             112
    5.248467000         13.121167500         18.369634500
 Ar             113
    5.248467000         15.745401000          0.000000000
 Ar             114
    7.872700500         18.369634500          0.000000000
 Ar             115
    7.872700500         15.745401000          2.624233500
 Ar             116
    5.248467000         18.369634500          2.624233500
 Ar             117
    5.248467000         15.745401000          5.248467000
 Ar             118
    7.872700500         18.369634500          5.248467000
 Ar             119
    7.872700500         15.745401000          7.872700500
 Ar             120
    5.248467000         18.369634500          7.872700500
 Ar             121
    5.248467000         15.745401000         10.496934000
 Ar             122
    7.872700500         18.369634500         10.496934000
 Ar             123
    7.872700500         15.745401000         13.121167500
 Ar             124
    5.248467000         18.369634500         13.121167500
 Ar             125
    5.248467000         15.745401000         15.745401000
 Ar             126
    7.872700500         18.369634500         15.745401000
 Ar             127
    7.872700500         15.745401000         18.369634500
 Ar             128
    5.248467000         18.369634500         18.369634500
 Ar             129
   10.496934000          0.000000000          0.000000000
 Ar             130
   13.121167500          2.624233500          0.000000000
 Ar             131
   13.121167500          0.000000000          2.624233500
 Ar             132
   10.496934000          2.624233500          2.624233500
 Ar             133
   10.496934000          0.000000000          5.248467000
 Ar             134
   13.121167500          2.624233500          5.248467000
 Ar             135
   13.121167500          0.000000000          7.872700500
 Ar             136
   10.496934000          2.624233500          7.872700500
 Ar             137
   10.496934000          0.000000000         10.496934000
 Ar             138
   13.121167500          2.624233500         10.496934000
 Ar             139
   13.121167500          0.000000000         13.121167500
 Ar             140
   10.496934000          2.624233500         13.121167500
 Ar             141
   10.496934000          0.000000000         15.745401000
 Ar             142
   13.121167500          2.624233500         15.745401000
 Ar             143
   13.121167500          0.000000000         18.369634500
 Ar             144
   10.496934000          2.624233500         18.369634500
 Ar             145
   10.496934000          5.248467000          0.000000000
 Ar             146
   13.121167500          7.872700500          0.000000000
 Ar             147
   13.121167500          5.248467000          2.624233500
 Ar             148
   10.496934000          7.872700500          2.624233500
 Ar             149
   10.496934000          5.248467000          5.248467000
 Ar             150
   13.121167500          7.872700500          5.248467000
 Ar             151
   13.121167500          5.248467000          7.872700500
 Ar             152
   10.496934000          7.872700500          7.872700500
 Ar             153
   10.496934000          5.248467000         10.496934000
 Ar             154
   13.121167500          7.872700500         10.496934000
 Ar             155
   13.121167500          5.248467000         13.121167500
 Ar             156
   10.496934000          7.872700500         13.121167500
 Ar             157
   10.496934000          5.248467000         15.745401000
 Ar             158
   13.121167500          7.872700500         15.745401000
 Ar             159
   13.121167500          5.248467000         18.369634500
 Ar             160
   10.496934000          7.872700500         18.369634500
 Ar             161
   10.496934000         10.496934000          0.000000000
 Ar             162
   13.121167500         13.121167500          0.000000000
 Ar             163
   13.121167500         10.496934000          2.624233500
 Ar             164
   10.496934000         13.121167500          2.624233500
 Ar             165
   10.496934000         10.496934000          5.248467000
 Ar             166
   13.121167500         13.121167500          5.248467000
 Ar             167
   13.121167500         10.496934000          7.872700500
 Ar             168
   10.496934000         13.121167500          7.872700500
 Ar             169
   10.496934000         10.496934000         10.496934000
 Ar             170
   13.121167500         13.121167500         10.496934000
 Ar             171
   13.121167500         10.496934000         13.121167500
 Ar             172
   10.496934000         13.121167500         13.121167500
 Ar             173
   10.496934000         10.496934000         15.745401000
 Ar             174
   13.121167500         13.121167500         15.745401000
 Ar             175
   13.121167500         10.496934000         18.369634500
 Ar             176
   10.496934000         13.121167500         18.369634500
 Ar             177
   10.496934000         15.745401000          0.000000000
 Ar             178
   13.121167500         18.369634500          0.000000000
 Ar             179
   13.121167500         15.745401000          2.624233500
 Ar             180
   10.496934000         18.369634500          2.624233500
 Ar             181
   10.496934000         15.745401000          5.248467000
 Ar             182
   13.121167500         18.369634500          5.248467000
 Ar             183
   13.121167500         15.745401000          7.872700500
 Ar             184
   10.496934000         18.369634500          7.872700500
 Ar             185
   10.496934000         15.745401000         10.496934000
 Ar             186
   13.121167500         18.369634500         10.496934000
 Ar             187
   13.121167500         15.745401000         13.121167500
 Ar             188
   10.496934000         18.369634500         13.121167500
 Ar             189
   10.496934000         15.745401000         15.745401000
 Ar             190
   13.121167500         18.369634500         15.745401000
 Ar             191
   13.121167500         15.745401000         18.369634500
 Ar             192
   10.496934000         18.369634500         18.369634500
 Ar             193
   15.745401000          0.000000000          0.000000000
 Ar             194
   18.369634500          2.624233500          0.000000000
 Ar             195
   18.369634500          0.000000000          2.624233500
 Ar             196
   15.745401000          2.624233500          2.624233500
 Ar             197
   15.745401000          0.000000000          5.248467000
 Ar             198
   18.369634500          2.624233500          5.248467000
 Ar             199
   18.369634500          0.000000000          7.872700500
 Ar             200
   15.745401000          2.624233500          7.872700500
 Ar             201
   15.745401000          0.000000000         10.496934000
 Ar             202
   18.369634500          2.624233500         10.496934000
 Ar             203
   18.369634500          0.000000000         13.121167500
 Ar             204
   15.745401000          2.624233500         13.121167500
 Ar             205
   15.745401000          0.000000000         15.745401000
 Ar             206
   18.369634500          2.624233500         15.745401000
 Ar             207
   18.369634500          0.000000000         18.369634500
 Ar             208
   15.745401000          2.624233500         18.369634500
 Ar             209
   15.745401000          5.248467000          0.000000000
 Ar             210
   18.369634500          7.872700500          0.000000000
 Ar             211
   18.369634500          5.248467000          2.624233500
 Ar             212
   15.745401000          7.872700500          2.624233500
 Ar             213
   15.745401000          5.248467000          5.248467000
 Ar             214
   18.369634500          7.872700500          5.248467000
 Ar             215
   18.369634500          5.248467000          7.872700500
 Ar             216
   15.745401000          7.872700500          7.872700500
 Ar             217
   15.745401000          5.248467000         10.496934000
 Ar             218
   18.369634500          7.872700500         10.496934000
 Ar             219
   18.369634500          5.248467000         13.121167500
 Ar             220
   15.745401000          7.872700500         13.121167500
 Ar             221
   15.745401000          5.248467000         15.745401000
 Ar             222
   18.369634500          7.872700500         15.745401000
 Ar             223
   18.369634500          5.248467000         18.369634500
 Ar             224
   15.745401000          7.872700500         18.369634500
 Ar             225
   15.745401000         10.496934000          0.000000000
 Ar             226
   18.369634500         13.121167500          0.000000000
 Ar             227
   18.369634500         10.496934000          2.624233500
 Ar             228
   15.745401000         13.121167500          2.624233500
 Ar             229
   15.745401000         10.496934000          5.248467000
 Ar             230
   18.369634500         13.121167500          5.248467000
 Ar             231
   18.369634500         10.496934000          7.872700500
 Ar             232
   15.745401000         13.121167500          7.872700500
 Ar             233
   15.745401000         10.496934000         10.496934000
 Ar             234
   18.369634500         13.121167500         10.496934000
 Ar             235
   18.369634500         10.496934000         13.121167500
 Ar             236
   15.745401000         13.121167500         13.121167500
 Ar             237
   15.745401000         10.496934000         15.745401000
 Ar             238
   18.369634500         13.121167500         15.745401000
 Ar             239
   18.369634500         10.496934000         18.369634500
 Ar             240
   15.745401000         13.121167500         18.369634500
 Ar             241
   15.745401000         15.745401000          0.000000000
 Ar             242
   18.369634500         18.369634500          0.000000000
 Ar             243
   18.369634500         15.745401000          2.624233500
 Ar             244
   15.745401000         18.369634500          2.624233500
 Ar             245
   15.745401000         15.745401000          5.248467000
 Ar             246
   18.369634500         18.369634500          5.248467000
 Ar             247
   18.369634500         15.745401000          7.872700500
 Ar             248
   15.745401000         18.369634500          7.872700500
 Ar             249
   15.745401000         15.745401000         10.496934000
 Ar             250
   18.369634500         18.369634500         10.496934000
 Ar             251
   18.369634500         15.745401000         13.121167500
 Ar             252
   15.745401000         18.369634500         13.121167500
 Ar             253
   15.745401000         15.745401000         15.745401000
 Ar             254
   18.369634500         18.369634500         15.745401000
 Ar             255
   18.369634500         15.745401000         18.369634500
 Ar             256
   15.745401000         18.369634500         18.369634500
