          1.8309400360       -0.8742519149       -1.8766273917
          1.1114820164       -1.9475731768        1.8740618445
         -1.2463189359        1.6237228037       -1.7080294641
          0.7796487521        2.3068370101        0.2743828700
         -2.0941385382       -1.1298254244       -1.2603329412
         -1.1653949206       -2.5365619287        0.1506461127
          1.7083389112        0.9001355048        1.6854153971
          0.7906992565        0.9184046431        2.3075985349
         -1.6679972940       -2.0219523264        0.9944803838
         -2.5966934919       -0.6152506080       -0.4164425095
         -0.1379413467        2.3250797417        0.8966418843
         -1.7508634968        1.5273428443        1.1628656200
         -1.4949072854       -0.6840059823        2.2145483587
         -0.8221490782        0.1205740602        2.5738559867
         -2.4236403873        0.7227533207        0.8035632721
          2.5310126579        0.0529061664        0.2968984198
         -0.5836682981       -1.1579854401       -2.2802738423
          1.6035642289        1.4576234041       -1.1121880296
          0.3438109329       -2.5627439725       -0.8712565118
          1.4983013742        0.6362105076       -1.8538335982
          0.4038756124       -0.6725607416       -2.4383096519
          2.4214132395       -0.7619377918       -0.4513491887
          1.3270141690       -2.0707346539       -1.0358577025
         -1.0759420159       -1.6391199258        1.8464518496
          0.2743233549       -0.0242993141        2.5675976460
         -1.1207561543        2.0888617972        0.4480553409
         -2.4710570876        0.4740557916       -0.2730872052
          0.7219962563        2.0508151137       -0.8005079027
         -1.4609990496       -0.5597336372       -1.9663149595
          2.1158337921       -0.0603977959        1.3171776719
         -0.0671155563       -2.6709821159        0.1512985022
          1.9030472807       -1.6952646506       -0.1730147998
          0.5093409990        0.4156944918       -2.2904129896
          0.3272076064        1.6187017045        1.5985455333
         -2.1280394851       -1.3174992131        0.2872806141
         -1.9545978749        0.0208659025        1.5074662503
         -1.2860037057        0.8204699163        1.8645519238
         -1.6286467779       -1.8289141405       -0.5513168096
          1.2391085378        1.6006043287        0.9802386526
         -0.1247166241       -1.8588764657       -1.5711321423
          2.0628959201        0.7572027184       -0.4028204769
          0.0166005338       -1.7895985607        1.8562712399
         -1.1809711359        1.8520282121       -0.6274401310
          0.6908606959       -0.9832270311        2.2163846900
         -1.8552544593        1.0456631450       -0.9875425804
          1.6097529779       -1.0007926295        1.5916718594
         -0.2607939819        1.8324939547       -1.2502275265
         -1.3506735895        0.5291439142       -1.8322774537
          0.5199019666       -2.3041545218        1.0095861352
         -0.3671031967        1.0163904876       -1.9943879857
          1.5037208605       -1.8172856782        0.8478904673
          1.9551668418       -0.0519159934       -1.1385878751
          0.8490154923       -1.3747160283       -1.7293210243
          1.1969880218       -0.0429946540        1.9459930878
         -0.2004614117        2.0737193730       -0.1771614505
         -0.5718751638       -2.1583922434        1.0012817645
         -1.9693535147       -0.0416555421       -1.1218342693
         -0.4005786932       -0.8332678178        2.2100849878
         -1.7982683835        1.2838151548        0.0866205625
          0.6162154009        1.2339964302       -1.5480094333
         -0.4753328824       -0.0713403851       -2.1309556518
          0.9200469785       -2.1848563055       -0.0110323642
          2.0115801650       -0.8794942229        0.5719500453
         -1.5319809162       -0.9308372702        1.1349175161
         -1.9954024353       -0.2288883212        0.4308537561
         -0.6532076366        1.3762462088        1.1476814311
         -0.1898035845        0.6743051183        1.8517449962
         -0.9934738591       -1.2555390244       -1.2521033797
          1.1770953160        1.3401658903       -0.0929091270
          1.6404445860        0.6383528741        0.6110744197
         -0.5301105266       -1.9573750820       -0.5481441617
          1.4215979448       -0.9847008306       -0.8627101954
          0.9580643953       -0.2826269906       -1.5669491240
          0.7262298625        0.6562300158        1.2332480933
         -1.4962048378       -0.7417919247       -0.4115680641
          0.2614794312        1.3601877829        0.5271390757
         -1.0314452185       -1.4457624589        0.2945283011
         -0.8607792103       -0.1291085061        1.4949864879
         -1.3255929697        0.5749555228        0.7888097939
          0.6330680552       -1.2245564269        1.1508671397
         -0.7707465933        0.9017715097       -0.9819049292
         -0.0152913728       -0.7702802180       -1.4136186248
          1.0708892665        0.5286313962       -0.8335402308
          0.4488568630       -1.4733051013       -0.7084592970
          1.5350380814       -0.1743775963       -0.1283633399
         -0.4461617311       -1.0760250076        1.1403140596
         -1.3786492271        0.3364107450       -0.2763850750
          0.2220418511       -0.2769030220        1.4971841652
         -0.7104361229        1.1355227737        0.0804811666
         -0.8799160087       -0.1745949579       -1.1134737126
          1.1324669913       -0.2946080071        0.8796138093
          0.2003464081        1.1172541412       -0.5365594791
          0.0522176757       -1.5864731159        0.3026723794
          0.0933474784        0.3092504273       -1.2731054591
          1.0262373583       -1.1037669241        0.1442041197
         -0.2441478996        0.4280577185        0.7875516235
         -0.9107893931       -0.3691839394        0.4315195348
         -0.4140499046       -0.8787861104       -0.4035304534
          0.6640818670        0.4105192568        0.1722602351
          0.5568642749       -0.3961617706       -0.5614281888
         -0.3034539291        0.1929256192       -0.2696136758
          0.1639369595       -0.5150250452        0.4404812181
