         -2.6253873816       -0.0384543031        1.4480921280
        -1.9060319431       -0.7427816093        1.9062182755
         1.8076451514       -1.7787648067        1.1618044394
        -1.7720670470        1.7931836420       -1.1980495101
        -0.4803766157       -0.4462115875       -2.5480306250
         0.8327435349        2.4941708240       -0.0892720805
         0.0844058511       -2.3675943146       -1.1147953942
         1.6189522704        1.0685993950        1.7585447203
         1.0995276525        1.6957961723       -1.7017477559
         0.7402176370        0.8912130035       -2.3745410447
         2.1499385227       -0.5161472856       -1.4444427584
         2.5092719090        0.2884834712       -0.7716127375
         2.2421051263        1.0869270338        0.8413034792
         0.9288314598       -1.8537810042       -1.6177151715
         0.2102053668        2.4761146833        0.8281492409
        -1.3245157583       -0.9604916140       -2.0455500929
         0.2282684406        0.2220363456        2.5804023250
        -0.9391737141       -2.3921216692        0.3944443664
        -2.3452357082       -0.9881275305       -0.5389511218
        -1.1757204611        1.6306897745        1.6509146646
        -1.1050366801       -1.8974107212        1.3770776037
        -0.5220049057       -0.5918707586        2.4687671170
         1.7811874304       -1.4712215008       -1.0258201436
         2.5026034150        0.1441881005        0.3249833155
        -0.3366056130        0.6431766415       -2.4225868322
         0.3845015121        2.2579064316       -1.0723441291
         0.0838754380       -2.5013087182       -0.0165266116
         1.2494184936        0.1085989281        2.1658746282
        -2.0303423691       -0.3892968331       -1.4139221745
        -0.8644991177        2.2213026830        0.7690709989
        -0.2389313191       -1.5266368485        1.9532913704
        -1.9152139608        0.8124050378        1.5453412903
        -2.5029142120       -0.5035986348        0.4448954624
         1.5338330166        1.7875275013        0.3768484615
         0.2224841583       -1.1488791168       -2.0785795406
         1.4434803547        0.1890437863       -1.9047800691
         1.8005733841        0.9886606108       -1.2361413563
         0.9149388710        1.7695108425        1.2884684841
        -0.6165125444       -1.6597634416       -1.5790924230
        -0.4725367369        0.9249155115        2.1112839182
        -1.6388637293       -1.6867531664       -0.0725981193
        -2.3512227455        0.5829193149        0.5585842931
         1.7908191841       -1.6216059893        0.0667716108
         2.1511695556       -0.8147019435        0.7415037618
        -0.6912036770        2.0211807380       -1.1328277944
        -1.0511778748        1.2151131097       -1.8068644555
         0.7815312431       -1.6481088550        1.5535654622
        -1.8963058838        0.6991739104       -1.3028552083
        -1.3143420290        2.0023289224       -0.2131521009
         1.5244599358       -0.8316829159        1.6598090024
         0.9425298254       -2.1347525956        0.5701839080
        -2.0587904062        1.1856578994       -0.3183943829
        -1.2110446845        0.1158016871        2.0014718394
        -1.7984075430       -1.1994412242        0.9016661235
         0.9353442160       -1.9899267857       -0.5215713798
         1.8801115354        0.1256163557        1.2474433096
         0.0231401426        1.4528732066       -1.7498229086
        -1.1856643459        0.1279219366       -1.9211771119
        -0.2410410558        2.2431570147       -0.1524104535
         2.1450533358       -0.6652113807       -0.3500779657
         0.5037426957       -0.7098192234        2.0609275177
        -0.0788660272       -2.0144085583        0.9700314311
        -2.1953427213        0.0990199135       -0.4281332931
        -1.6123192196        1.4045476950        0.6635539541
         1.0702428503       -0.7625749617       -1.4825255267
         1.7873050862        0.8430888890       -0.1398693246
         0.3667579602       -0.0601685429       -1.9464886431
         1.0836892545        1.5452073104       -0.6040700168
        -0.6151271588       -1.7879383704       -0.4803247698
         0.5441185579        0.8078736317        1.6902933083
        -1.3172645899       -1.0858850786       -0.9444671760
        -0.1582005206        1.5095289507        1.2258237821
        -0.9194248235       -0.8154681568        1.4662373550
        -1.6260790597       -0.1177001253        1.0091777074
         0.2291449892       -1.2769229446       -0.9819253032
         1.1679459749        0.8252641030        0.7759235857
         0.7247426542        0.7437595880       -1.2765058682
        -0.4762092012       -0.5725184748       -1.4474443069
         0.4625237591        1.5295227109        0.3102868388
         1.4304149812        0.0393320483       -0.8109677431
         1.0861694252       -1.0555059900        0.6821825127
        -1.0463414748        1.0710769377       -0.7220747547
        -0.1949283396       -0.0039388080        1.5837063583
        -0.7750967189       -1.3030661529        0.4973759069
        -1.4789051708       -0.5999973466        0.0334411554
        -0.8991252164        0.6982646811        1.1190508053
         1.4324823726       -0.1079037794        0.2718549485
         1.0753673535       -0.9075642981       -0.3968208952
         0.0163603370        1.3048918090       -0.6619524018
        -0.3405301455        0.5057301233       -1.3302137915
         0.0813350805       -0.9345063825        1.0741258182
         0.8137203335       -0.1250245938        1.1818165621
         0.2367034957       -1.4170938791        0.1013890948
        -0.6011417564        1.2867882708        0.2486983575
        -1.1780080227       -0.0049503255       -0.8314571316
        -1.3376367598        0.4780734268        0.1426561812
         0.7231899925        0.5973744104       -0.1951124147
         0.3669977514       -0.2002219382       -0.8620636858
         0.1073157958        0.5802073384        0.7127337923
        -0.4685315006       -0.7092462380       -0.3655085305
        -0.6244349535       -0.2260521277        0.6038183231
         0.3763707879       -0.3455431326        0.2122249346
        -0.3339375101        0.3626825047       -0.2553833961
