   -2.176452462065088   1.805976954195907  -0.853733505985172
   -1.482985396926037   0.105029779118082   2.356987217239822
    0.632551895595527   2.576498338768599   0.613988617384800
    2.268880561580749  -1.721674106825287   0.763604203382653
   -2.027781788094374  -0.051704721440478  -2.071549922311756
    1.179311707717015  -0.945237408360103  -2.294886000000093
   -0.844424652271549  -2.509914242588796  -0.149315472589654
   -0.741066134132540   1.498235884382713   2.060483826589561
    2.791626252273805   0.252128203537749  -0.138093204779701
   -1.180614613379372  -0.976298599999620   2.328544933864799
   -2.067492385802084  -0.630435022922997   1.742324480654892
    2.423246928676946   0.516003035340644  -1.164835621576500
   -0.451493617553275   1.513346173206163  -2.272043006592594
    0.628990702103226   1.214173782837847  -2.343957052645056
    0.581337822574675  -1.456802915891136   2.202383307595642
   -2.655203145320024  -0.193295824597370   0.065448499477338
    1.447360354146210   0.877451562157545   1.887133990718810
    2.517636324421969   0.179432609979031   0.952049422339621
    1.400674674065564  -0.686282397344550   2.136057920550768
    2.240824179395099  -0.809960052015318   1.403170924228186
   -0.465369032745751  -1.716483242112519   1.896278027392547
   -2.255588127968575  -1.017255757731496   0.713113792160575
   -1.466769959011464   2.016504454908985  -0.030195438216756
   -1.322482751539723   1.669349397662805  -1.573418235432363
   -2.432480647615475   0.809886637532038  -0.398290772973978
    1.537886709349316   0.870662342321875  -1.768784730800287
   -0.053589265014178   2.055267228848983   1.347393408514305
   -2.102880921685294   0.876659688748849  -1.463997908595680
    2.532613158476638  -0.735862765773779   0.313278477649480
    1.047794139210505   1.745134924945418   1.263596689408820
    1.428007070074399  -1.591839304294178   1.484531149829794
   -0.423157681875139   2.318230485957707   0.294205509560503
   -1.240637122824974   0.731476164961383  -2.173446649116197
    0.355853347773309   1.205155368964520   1.992183610910490
    1.801933789542798  -0.214227973697534  -1.731728511471641
    0.905991916133806   0.134483729817112  -2.321088613079635
   -2.344484936564767  -0.122697623577804  -1.004970705429618
   -1.113793778592427   1.777270895425431   1.023907332108512
    1.346702165503688   1.822655217798973   0.166516847779500
    0.443346824155271   2.172755444139998  -0.426358122437096
   -0.656013477939529  -2.116215692347788   0.874509570195004
   -1.552106889849709  -1.766488986326583   0.282646612482540
    1.911952104684497  -1.468326041452097  -0.259676603120377
   -0.959685454292528  -0.351378340619990  -2.154431859321895
    1.232700432059914  -1.992859297099110   0.460205797792359
    0.108865828117651  -0.648943204337391  -2.228947610814418
    1.549134495686892  -1.209357614920730  -1.278661240263721
   -1.638737054509855  -0.876453881005533  -1.434084519856067
    0.195289061768711  -2.255281066653212   0.156645251463714
   -1.244763165141190  -1.695329004356629  -0.793344047726558
    0.505051503256288  -1.472955125512807  -1.583240511359043
   -0.169157831227667  -1.993962424727280  -0.868289636457926
    2.025424950399114   1.036948307764754  -0.274815003416355
    0.246548884631964   1.728085690190060  -1.443279495504624
   -1.369233360966925  -1.381809783001612   1.309346040360475
   -0.456562682223543   0.412541414068484   2.074024891928191
    2.178847226863585  -0.481024047514497  -0.715011643314404
   -1.360918631823519   0.766076233056662   1.475636193967415
   -0.168403651633230   0.432293520701450  -2.261681849004953
    0.387809873844149  -1.867322525314166   1.183948459789729
    1.751550028132325   0.970741307611096   0.807827706136547
   -1.959286988481741  -0.952977504006185  -0.365071404812738
    0.637835960780295   0.105955247786601   1.990611376483720
    0.875517108170700  -1.743755053378254  -0.566232853816998
   -0.569782323054031  -1.181608811285668  -1.519778174952880
   -0.165422897006980  -0.661618135100148   2.049962698227342
   -1.943926405947269   0.033210077836770   0.874905333314749
   -0.616654921779194   1.888792176082615  -0.748393090294275
    1.150465935127113   1.394741743321632  -0.873944606011905
   -1.727692582845937   1.029485925054161   0.425862796480045
    0.040228644964505   0.558874974270650   0.321964239982171
    1.481258705191534  -0.034097693858722   1.252475127996444
    0.331540980042247   1.550075220884810   0.465119289499421
   -1.053496246188688  -0.328422169090026   1.452199267690605
   -1.392182534986357   1.079016853321893  -0.646003912161103
   -0.342009586120033   1.023332396762570   1.175572341282114
    1.501845586052157  -0.938021220588614   0.611052419834279
   -1.315453312732577   0.156302720389314  -1.248353074944761
    0.726395110849150   0.724949348983711   1.092791001024782
    0.787446706564816  -0.429765228843884  -1.395612515012751
    1.766406891945200   0.039766253631696   0.168266971529984
   -0.697481421735986   1.279627810575484   0.154459246824912
   -0.541280917267164  -1.456595486187747   0.013244592473109
    0.673599714108942  -0.809562291473439   1.327789288481035
   -0.539689903142299   0.935660792482076  -1.351396058388291
    1.406315336685814   0.296912048153576  -0.841757146402731
    0.520214677986805   0.641288073293119  -1.424236315993175
   -1.633714018163725   0.088617908234936  -0.195557002695924
    1.014970167193709   0.801633139429278   0.029847992337273
    0.143898884336774   1.139828816470992  -0.542414785378597
   -0.059890297947058  -0.037652196992292   1.174314289834969
   -0.936873068660837   0.304922821349793   0.594735578348682
   -0.355668667230730  -1.070188249509787   1.028558654856818
   -1.244588300729335  -0.723098090040006   0.441075923101432
    0.763434470974433  -0.177659509939090   0.467091329326580
   -0.628286305936301   0.361169206571234  -0.452669351128312
    1.154389561274890  -0.692934441513249  -0.397553198295542
   -0.266379335446270  -0.140541951302623  -1.335627846233455
    0.484094352731230  -1.210645590724988   0.313130674426994
   -0.937023317137764  -0.658801889905829  -0.624383542837885
    0.410323180992525   0.071926442334033  -0.526086624542053
    0.123864988255506  -0.953986529454756  -0.698550547272095
   -0.248677903213868  -0.436933739014115   0.172776398554734
