          2.7413529992       -0.8276899220        0.1105355755
         1.6525923026        1.4689834194       -1.6109245285
         1.8924836850       -2.1107006744        1.2723883669
        -2.4799041352       -0.5594224325       -1.5484902105
         0.5784528523        0.5768906459        2.7715933923
        -2.1136640834        1.5258691779        1.0347567918
        -1.4183674698       -1.7191840299        1.3963172048
        -1.6028913813        1.4682834101       -1.8681478718
         0.7022706104        2.3251648341        1.3903174639
        -1.4749427483        2.1687926480       -1.0005896054
        -0.1994217585        2.6424105372        0.8016417359
        -0.8394733380       -2.0747166374       -1.4680734086
         0.6382515524       -2.6006131092       -0.5118414609
         2.1122360910       -0.7397450148       -1.3345320652
         0.2641048163       -0.0830091636       -2.5245384657
        -1.1765269195        0.5728718648       -2.4032451998
         1.5512394164        1.5866885961        1.4533311667
         1.6297506039       -2.0839330651       -0.6390878185
        -0.7923049406       -1.2201681793       -2.2015625062
         2.3375807903        0.6747793682        0.4117960087
         2.2527869206       -1.8260439688        0.2567369264
         2.3690840806       -1.1111848332        1.1300875228
        -1.6073313408       -0.4493538592       -2.2325211819
         1.4856085977        0.6970387000        2.1348062198
        -0.4733844267       -2.4616938110       -0.4802852528
        -0.8446229614        2.4236502407       -0.0989772034
         1.9380482922       -0.2097030865        1.6450827895
         1.8970522632        0.3695802411       -1.4917286547
        -2.0435607067        0.4544260387       -1.7099196120
         0.9705670691        0.6983724257       -2.0872689289
         0.6409756841        1.4517833823        2.0835498223
         1.2670500095       -2.3596990866        0.3816146316
        -1.6632264661       -1.3186141209       -1.5107115761
         2.0157826844        1.0867785745       -0.6064032804
        -1.7953082289        1.8490872295        0.0177577630
        -1.1579930190        2.0858701577        0.9184612663
         1.2045148375       -0.4113676752       -1.9550133621
         1.4608989742       -1.2169221180        1.7804002530
         1.0233251312       -0.3202841004        2.2801699982
         0.5294656069        1.6133424301       -1.5678256334
         1.1704560963        1.8507785348       -0.6608210065
         0.7881375704       -1.9864142510        1.3193598913
        -0.9469520656       -2.0932022810        0.4583926039
        -2.3670664302        0.1374717850       -0.6874172113
        -0.3235944716        0.8975669380        2.2010138161
        -2.1331680116       -0.9515569684       -0.5661642240
        -2.2449416374        0.8325422779        0.1731004633
        -1.2202278092        1.2140139353        1.6218731824
        -0.3149476947       -1.8565237837        1.3598857269
        -1.7792836265       -1.3386133482        0.4146489260
        -0.0884625134       -0.1913875140        2.3207326455
        -1.8880480404        0.4432668882        1.1600714539
        -0.7537569864       -0.9561740237        1.8623965296
        -1.6564763327       -0.6378669661        1.2806070685
        -0.5933449396        1.7183064614       -1.4932809548
         0.6710615834        2.1872306397        0.2938853851
         2.2413098855       -0.0217621393       -0.4762659923
        -1.9326910030        1.1569130270       -0.8480804996
        -0.2630101932        1.7777404309        1.5119588529
        -0.1640121117        0.8310759248       -2.0248369931
         0.1579230575       -2.2391184095        0.4258166008
        -1.3150484549       -1.7170288802       -0.5260586022
         1.5165815474        1.4538320518        0.3511542676
         1.1368477452       -1.2854870261       -1.2324944924
         0.2178181385       -0.9585134690       -1.8235903458
         0.3535598063       -1.0944979028        1.8321451538
        -2.0243301245       -0.2548615631        0.2988612264
        -0.9955917078        0.1281992466        1.7529218112
         0.1604124106       -1.7996353998       -1.0974825632
         0.0343812612        1.9770190226       -0.6030407886
         0.4362097634        0.1992172358       -0.4231419156
         1.7561229743       -1.0366805268       -0.3225975159
        -0.6130921799       -0.1924687277       -1.8489015303
         1.8719934824       -0.3265244348        0.5497360510
         1.4339911748        0.5705147890        1.0495872515
         1.0341940430        0.8235708898       -1.0067291383
         1.3909089827       -1.3162913116        0.6885998865
        -1.4767103409       -0.2994081321       -1.1603690563
         0.5279751978        0.4469079304        1.6742355695
         1.2570708919       -0.2554805225       -0.8807309560
         0.3627287758        0.0621487751       -1.4563573821
        -1.0441416144        0.7049525167       -1.3253265312
        -1.2374638045        1.0684276052        0.5349762646
         0.5957152423        1.3150246028        0.9930824542
        -0.7826601180       -1.0614256536        0.7722034772
         0.7765650958       -1.5645219060       -0.1938721293
        -0.6699604825       -1.0511827516       -1.1278748422
         1.3713127967        0.4418425329       -0.0247473801
        -0.9221798703        1.3937305103       -0.4723443063
        -0.2923625475        1.6276867939        0.4183327756
        -0.0621583350        0.9491637388       -0.9517414205
         0.5559322108        1.1789012191       -0.0766692877
         0.3032310814       -0.7835097866       -0.7585655217
         0.9675130585       -0.4384467087        1.1937741558
        -0.3175964974       -1.4354907591       -0.1557961241
         0.9121306345       -0.5479744806        0.1228539833
        -0.5061428277       -0.0471800484       -0.7907098505
        -1.3713077461        0.3865935926       -0.3129071033
        -0.3605914686        0.7633712340        1.1167276415
         0.3043767318       -1.1995700832        0.7387848378
        -1.1414650431       -0.6881505226       -0.1937348065
         0.4845799739        0.3231498438        0.6123387923
        -0.3891023092        0.6292322750        0.0496702877
        -0.1303584427       -0.3107919303        1.2355996270
        -1.0207500950        0.0025775943        0.6618771858
        -0.1655694605       -0.4255807369        0.1665005784
