          2.2940678828       -0.1248660687        0.9590499028
         -1.6811739785        0.7030397316       -2.6472151982
         -0.3287646071        1.1709733018        2.5728806073
         -2.7730525221        1.6799961459        0.3554808438
          0.4073372864        2.1965762368       -0.5174048661
          0.9692439085       -1.4453461788        2.1767079339
         -3.0647293994       -0.6052396414       -1.4828483669
         -3.4289695039       -0.2812294648       -0.4702002842
          0.0832070650       -1.0126468247        2.7159739592
         -2.8595948477       -0.0875950919        1.7109260052
         -2.0347220812       -0.2593800016        2.4592270212
          1.7605699512       -0.3248242045       -1.2028345306
          0.4140612076       -0.0443730233       -2.4243600638
          0.7122725168       -2.3457185337       -0.1617193593
         -0.9740153546       -1.9945152173       -1.6914822949
          1.3637933747       -1.7953116696        1.1799662991
         -2.2021034556       -1.0526514114       -2.0549762274
          1.7659086531       -1.2285398692       -0.5292836000
         -0.4427765605       -0.7685389297       -2.5329783736
          2.0178771233       -1.1273503415        0.5600010190
         -1.4971892354       -0.3952841550       -2.6288077332
         -0.3672241226       -2.5661561204        0.1190842092
         -1.2188998784       -2.3887689183       -0.6535269435
          1.1189183463        0.4490037871       -1.7029782107
         -2.1178966070       -1.9427847634       -0.0847543862
         -0.7562093059       -2.2263601340        1.1505267205
         -1.8290813166       -1.8427084422        1.0205622217
         -3.1639802564       -0.1825561977        0.6249422170
         -0.9783846269       -0.6376927081        2.6076689199
          1.6338071105       -0.7852799041        1.5689206560
         -2.3741625367        0.0494335127       -2.0670269969
          2.0320374175       -0.2247820348       -0.1213238785
         -0.6344319309        0.3305504233       -2.5402944076
         -0.1275998467       -2.1994343875       -0.9369255550
         -0.1235483913        0.0796354764        2.6462339658
         -3.1026055650        0.7000238638       -0.0562937574
         -2.8185877102        0.7966833814        1.0330280632
         -1.1813104936        0.4557291133        2.5183274942
          0.7648536415        1.3242386269       -1.1117628657
          1.4256775575        0.3105921893        1.5038202281
         -2.0514131983        1.0347382459       -1.6505181758
         -0.9832428997        1.2070577917       -1.9426826299
          1.6716677992        0.6541375224        0.4657903148
         -2.4155170949        1.3598592483       -0.6500448340
          0.5517062641        0.7419212651        2.0417375461
         -1.9625024317        1.5159228081        1.1009126372
         -1.1480977810        1.3463254875        1.8397171943
         -0.2868432428        1.7043516740       -1.2335974684
          1.0434527316        1.4272993263       -0.0268038094
         -0.0811694860        1.5194982073        1.5456599054
         -1.7143851667        1.8596221088        0.0640464724
          0.1641909434        1.8612224178        0.5162012069
         -0.6549030375        2.0318025605       -0.2268587789
         -2.7226787653       -1.1254497818       -0.5701801863
         -0.0585966337       -1.6802606214        1.8466349646
         -2.1589600157       -0.9327796825        1.5930765145
          0.3291247872       -2.0317390338        0.8535704471
         -1.8634935421       -1.5750827189       -1.1355369503
         -2.7498238299        0.3812137869       -1.0676684323
          0.7632307346       -0.3504084832        2.1192929484
         -2.0078567367        0.6336991163        1.7861217138
          1.4099457713        0.5578019827       -0.6207990109
          0.0703178788        0.8368096871       -1.8360691575
         -0.1072339859       -1.2883727183       -1.6117494363
          0.7303016805       -1.4627959442       -0.8519429403
          0.8042822314        1.0947742402        1.0127280331
         -1.3544983424        1.5443612423       -0.9456561824
         -0.9009311127        1.7018665538        0.8111520587
          0.7297136407       -0.5651357395       -1.5067680265
         -1.1147119473       -1.3151237216        1.7435816184
         -2.4653759278       -1.0338452870        0.5182780343
         -0.7182162083       -0.7860488697        0.0386060543
         -1.1662796398       -0.9005099082       -1.7140451427
          0.9921447997       -1.3500451353        0.2440481378
         -1.0877848307       -1.7558174590        0.2233492209
          1.2579061705       -0.3495363702        0.6413700890
         -1.3482852088        0.1932418185       -1.7229123469
         -0.0248147907       -1.5580998038       -0.0648171038
         -0.8396324604       -1.3883983392       -0.8040144223
         -2.0355479933       -0.4580556392       -1.1517491119
          0.6065132349       -1.0083004764        1.2450745524
         -0.4618677916        0.5016331287        1.7002683963
         -2.0645866261        0.8354051021        0.2463257069
          0.0218645496        1.1755020555       -0.3268957646
          1.0025598490       -0.4511773130       -0.4274598645
         -0.3136246329       -0.1770594523       -1.6214786105
         -0.2607158576       -0.5811459633        1.7774840549
         -2.3956979875       -0.1365265374       -0.1593264451
         -1.3063317815       -0.2085713175        1.6510456516
         -2.1147551089       -0.0402194574        0.9176643918
         -0.3999275803       -1.2318021674        0.9249999177
         -1.7021972850       -0.9605976498       -0.2563952679
         -1.4269871939       -0.8650338582        0.8017641134
         -0.0054707185       -0.6797551251       -0.7226733809
          0.3784042572        0.3148421387       -0.9174917866
          0.2581538298       -0.5726181954        0.3342631587
         -1.0279319235       -0.3047693908       -0.8324462081
          0.4073727421        0.0815680880        1.1804091044
         -1.7152031254        0.5236171229       -0.7451357149
         -1.2689634885        0.6786403838        0.9819443642
         -0.6620050965        0.6942797787       -1.0343229008
          0.6511672930        0.4207957746        0.1569557255
         -0.5916054347       -0.1497543970        0.8586752663
         -1.3825090053        0.0149523805        0.1411851192
         -0.2166526461        0.8502425523        0.6920608083
         -1.0242177984        1.0184216098       -0.0405441356
         -0.3506663163        0.1841656298       -0.1438265019
