        0.0002189891        0.0001593255        0.0492178835
        0.0003828347        0.0002830990        1.1050039946
        0.2896476228       -0.8903399894        0.5038147964
       -0.7572597491       -0.5501791635        0.5039373859
       -0.7572597682        0.5506043898        0.5038083373
        0.2896475919        0.8907652140        0.5036059913
        0.9366719425        0.0002126117        0.5036099833
       -0.2844711389       -0.8758509083       -0.4388260450
       -0.9208882591        0.0001020940       -0.4388299716
       -0.2844711693        0.8760550952       -0.4390314270
        0.7452733434        0.5414708202       -0.4391520068
        0.7452733622       -0.5412666350       -0.4390250738
        0.0000550263        0.0000354636       -1.0073232949
        0.3030895326       -0.9310678813        1.5831594738
       -0.7918450985       -0.5753020528        1.5832876871
       -0.7918451184        0.5759803491        1.5831527183
        0.3030895002        0.9317461757        1.5829410897
        0.9797963300        0.0003391467        1.5829452648
        1.2725198593       -0.9240092078        0.9715895329
        0.5918053435       -1.8200155172        0.9582246904
       -0.4855588319       -1.4952436068        0.9719293338
       -1.5480637742       -1.1247298920        0.9584752623
       -1.5721112500        0.0002674701        0.9719226301
       -1.5480638133        1.1252616491        0.9582114880
       -0.4855588838        1.4957785451        0.9715786860
        0.5918052803        1.8205472707        0.9577978947
        1.2725198272        0.9245441432        0.9713728206
        1.9143171507        0.0002658757        0.9578060543
        1.0568443312       -1.4606538213        0.0030708973
        0.0040194639       -1.8027373601        0.0032743870
       -1.0625814636       -1.4561777100        0.0033992825
       -1.7132630350       -0.5605913754        0.0033952680
       -1.7132630544        0.5608992077        0.0032637918
       -1.0625815142        1.4564855412        0.0030578210
        0.0040194013        1.8030451895        0.0028516687
        1.0568442804        1.4609616489        0.0027283863
        1.7160399181        0.5536567076        0.0027324533
        1.7160399373       -0.5533488810        0.0028622314
        0.4714643235       -1.4507755722       -0.9441388548
       -0.5769236958       -1.7757477426       -0.9371331232
       -1.2340750327       -0.8966122415       -0.9439391416
       -1.8671116932        0.0000436589       -0.9371410833
       -1.2340750638        0.8966979627       -0.9441493776
       -0.5769237574        1.7758350582       -0.9375494875
        0.4714642732        1.4508612905       -0.9444790237
        1.5106442362        1.0975430984       -0.9377939350
        1.5255455837        0.0000428583       -0.9444725203
        1.5106442743       -1.0974557863       -0.9375366077
       -0.2911303796       -0.8959560186       -1.5207885214
       -0.9420625613       -0.0000247485       -1.5207925375
       -0.2911304107        0.8959065204       -1.5209985876
        0.7620999643        0.5536912262       -1.5211219175
        0.7620999836       -0.5537407261       -1.5209920895
       -0.0001117310       -0.0000905095       -2.0818720069
        2.0607929892       -1.4968435530        0.4480364223
        1.3753699427       -2.4031242250        0.4434921421
        0.3004510321       -2.7523865538        0.4436999021
       -0.7867646271       -2.4220711163        0.4485867974
       -1.8604961226       -2.0502522592        0.4439529421
       -2.5248325641       -1.1358716086        0.4439488433
       -2.5466520708        0.0002060994        0.4485759394
       -2.5248326035        1.1362826921        0.4436824708
       -1.8604961938        2.0506633416        0.4434721777
       -0.7867647112        2.4224833122        0.4480188536
        0.3004509366        2.7527976325        0.4430545104
        1.3753698592        2.4035353020        0.4429286409
        2.0607929372        1.4972557442        0.4476854138
        2.7109086731        0.5653238578        0.4429368808
        2.7109086927       -0.5649127830        0.4430693823
        1.8421914851       -2.0396325537       -0.5020880602
        0.7806546045       -2.4021039493       -0.5046146434
       -0.2912011558       -2.7328138482       -0.5016757187
       -1.3705351730       -2.3821169664       -0.5015493321
       -2.0432988970       -1.4845458335       -0.5042839675
       -2.6890443754       -0.5673447712       -0.5015574670
       -2.6890443951        0.5675341747       -0.5016905127
       -2.0432989486        1.4847345949       -0.5046320664
       -1.3705352557        2.3823063678       -0.5021078818
       -0.2912012506        2.7330032477       -0.5023164952
        0.7806545211        2.4022927060       -0.5051778793
        1.8421914143        2.0398219496       -0.5025663086
        2.5092565344        1.1216855952       -0.5025621930
        2.5259537995        0.0000943769       -0.5051671113
        2.5092565733       -1.1214962004       -0.5022992171
        1.2464878910       -2.0302959271       -1.4515781515
        0.1849132205       -2.3752224494       -1.4513729706
       -0.8801443957       -2.7087813675       -1.4469449563
       -1.5457340098       -1.8129010759       -1.4511703174
       -2.2018232572       -0.9098717140       -1.4511743653
       -2.8481775779       -0.0000161256       -1.4469570985
       -2.2018232888        0.9098384713       -1.4513876961
       -1.5457340727        1.8128678321       -1.4515953787
       -0.8801444897        2.7087491129       -1.4475800720
        0.1849131380        2.3751892028       -1.4519298777
        1.2464878205        2.0302626787       -1.4520541847
        2.3042000320        1.6740928560       -1.4479529485
        2.3160866509        0.5580862131       -1.4520475856
        2.3160866703       -0.5581194633       -1.4519167289
        2.3042000901       -1.6741251159       -1.4475604254
        0.4797273273       -1.4768614999       -2.0452785251
       -0.5885098052       -1.8110105613       -2.0347298436
       -1.2563261209       -0.9127835396       -2.0450752388
       -1.9042242521       -0.0000850168       -2.0347379612
       -1.2563261526        0.9126110796       -2.0452892361
       -0.5885098680        1.8108405254       -2.0351544456
        0.4797272761        1.4766890370       -2.0456247800
        1.5403607877        1.1191285172       -2.0354037296
        1.5526673330       -0.0000862324       -2.0456181602
        1.5403608265       -1.1192985566       -2.0351413111
       -0.2953615550       -0.9085838043       -2.6152598582
       -0.9553751383       -0.0001530574       -2.6152639303
       -0.2953615865        0.9082776883       -2.6154728551
        0.7725628047        0.5612880188       -2.6155979057
        0.7725628242       -0.5615941365       -2.6154662663
       -0.0002834313       -0.0002202165       -3.1882718289
