        0.0017559219        0.0004992355        0.0411914454
       -0.0007657677        0.0000571314        1.0865473938
        0.2912610562       -0.8891757140        0.5010648376
       -0.7535653914       -0.5505205582        0.5006069362
       -0.7523076080        0.5537385027        0.4998724640
        0.2915487779        0.8902806811        0.5009364063
        0.9366800756        0.0004801255        0.5012376783
       -0.2835704410       -0.8763553196       -0.4414984727
       -0.9213087020       -0.0002132445       -0.4394694901
       -0.2837468638        0.8769078352       -0.4421875892
        0.7465892582        0.5420771781       -0.4424334738
        0.7466149556       -0.5414522685       -0.4421560354
        0.0000720330        0.0001237124       -1.0111623179
       -0.0023698426       -0.0002915040        2.1653854294
        0.2979363724       -0.9225219690        1.5826929565
       -0.7920933619       -0.5681649806        1.5820416378
       -0.7844634032        0.5726889398        1.5824524374
        0.3010610789        0.9230754845        1.5822568798
        0.9701810325       -0.0000973177        1.5825096840
        1.2708591176       -0.9218421466        0.9734002098
        0.5927573631       -1.8163425648        0.9604166343
       -0.4815792964       -1.4923536896        0.9738078887
       -1.5377206323       -1.1289378248        0.9559661848
       -1.5579301286        0.0065821300        0.9664089758
       -1.5426587459        1.1252732845        0.9606482634
       -0.4821036369        1.4946943698        0.9733333307
        0.5930458861        1.8175595179        0.9595601867
        1.2715932080        0.9227601338        0.9727712625
        1.9117010954        0.0003131896        0.9597902413
        1.0575240818       -1.4598991683        0.0026025457
        0.0049733839       -1.8017549179        0.0034764133
       -1.0608401429       -1.4564476098        0.0028359655
       -1.7128482766       -0.5606662146        0.0086135750
       -1.7111367920        0.5619085002        0.0042375320
       -1.0610435101        1.4575288019        0.0028163762
        0.0049558379        1.8024277383        0.0026124368
        1.0576283911        1.4606676158        0.0018315054
        1.7159302509        0.5536245120        0.0020944275
        1.7159097355       -0.5529834560        0.0024499337
        0.4721308235       -1.4512965103       -0.9453651187
       -0.5765784047       -1.7762518178       -0.9374644762
       -1.2344526410       -0.8966737432       -0.9429803755
       -1.8677410526       -0.0004433344       -0.9343695130
       -1.2342457725        0.8968698087       -0.9439910635
       -0.5767615985        1.7765363749       -0.9382648410
        0.4720624200        1.4515548603       -0.9461882382
        1.5114562838        1.0978866723       -0.9394349076
        1.5264766155        0.0001255246       -0.9463751616
        1.5114555305       -1.0976386807       -0.9388121484
       -0.2915847476       -0.8964966501       -1.5222866785
       -0.9431087917       -0.0000761986       -1.5209571588
       -0.2915445459        0.8964329313       -1.5229310860
        0.7623333454        0.5539608862       -1.5234797049
        0.7623283806       -0.5540235027       -1.5231688025
       -0.0009528579       -0.0002061001       -2.0839178385
       -2.3838202975       -0.5720722278        1.3921828871
        2.0599095981       -1.4953518286        0.4495070904
        1.3752776368       -2.4013328486        0.4448803289
        0.3012691300       -2.7496956754        0.4461194017
       -0.7853874851       -2.4196210745        0.4514618543
       -1.8591456535       -2.0504297307        0.4461218203
       -2.5223732739       -1.1399827060        0.4445941731
       -2.5425699459        0.0016551476        0.4510788548
       -2.5210931930        1.1343209986        0.4495570793
       -1.8585781572        2.0497133998        0.4460203242
       -0.7851500914        2.4215471901        0.4498015895
        0.3015727972        2.7506235519        0.4445306946
        1.3754866806        2.4023247101        0.4434974785
        2.0601256475        1.4963777439        0.4484811944
        2.7093802690        0.5648278080        0.4439320833
        2.7095275991       -0.5640262798        0.4441443177
        1.8426620127       -2.0391694968       -0.5014681461
        0.7811757054       -2.4018714378       -0.5040404487
       -0.2907026326       -2.7321852592       -0.4997197770
       -1.3696787347       -2.3824379688       -0.4995999879
       -2.0421114897       -1.4844166869       -0.5020132322
       -2.6882843576       -0.5673382358       -0.4962896319
       -2.6884548896        0.5679164788       -0.4975266382
       -2.0430724806        1.4849150622       -0.5021011778
       -1.3700295799        2.3828023470       -0.5006416012
       -0.2905642207        2.7326894398       -0.5013716051
        0.7812190643        2.4022664297       -0.5054179780
        1.8427269000        2.0396497768       -0.5027060836
        2.5092939054        1.1215469074       -0.5025251511
        2.5261285151        0.0001741921       -0.5055336839
        2.5092503552       -1.1212093856       -0.5018459837
        1.2470135599       -2.0308791838       -1.4519075700
        0.1850757929       -2.3760242650       -1.4511230516
       -0.8801112140       -2.7094050271       -1.4454068743
       -1.5460635287       -1.8133253565       -1.4495397522
       -2.2028848928       -0.9101792695       -1.4482405391
       -2.8491198303       -0.0004082772       -1.4421720296
       -2.2026343890        0.9095426413       -1.4486607861
       -1.5464277561        1.8131373227       -1.4502513523
       -0.8804097556        2.7092458237       -1.4467353997
        0.1849299241        2.3759076339       -1.4525020640
        1.2469695798        2.0308041444       -1.4530973545
        2.3047513291        1.6742188034       -1.4485706664
        2.3168469957        0.5581975878       -1.4532536143
        2.3168499684       -0.5582947241       -1.4529210298
        2.3047439851       -1.6743195140       -1.4475884301
        0.4794643962       -1.4776850187       -2.0463387321
       -0.5892516340       -1.8119477446       -2.0348036945
       -1.2577299243       -0.9133188237       -2.0442686655
       -1.9059187458       -0.0003716086       -2.0323255072
       -1.2577953035        0.9128420115       -2.0450525417
       -0.5894977712        1.8115166867       -2.0356836199
        0.4794187898        1.4773281563       -2.0472398088
        1.5405907445        1.1194193512       -2.0369763174
        1.5530174371       -0.0001978109       -2.0474677246
        1.5406029735       -1.1198095476       -2.0363247328
       -0.2967321437       -0.9092307707       -2.6161288548
       -0.9572638771       -0.0004231878       -2.6150977286
       -0.2967582844        0.9085188830       -2.6167282927
        0.7718670132        0.5613050185       -2.6173825530
        0.7718842888       -0.5620210691       -2.6170645468
       -0.0020639603       -0.0005381118       -3.1893153287
