        0.0047049522        0.0001281578        0.0400452896
       -0.0012416235        0.0002345437        1.0853371149
        0.2944400127       -0.8896394901        0.5010214923
       -0.7467306995       -0.5556082554        0.4966805677
       -0.7467406720        0.5559440719        0.4965673813
        0.2944240463        0.8899948658        0.5008402769
        0.9382604919        0.0001835604        0.5018766288
       -0.2818579993       -0.8768908245       -0.4425613306
       -0.9204486193        0.0000712130       -0.4376713374
       -0.2818737351        0.8770436947       -0.4427399291
        0.7482388973        0.5420775496       -0.4431019822
        0.7482486225       -0.5419062763       -0.4429916030
        0.0005517989        0.0000210519       -1.0114270779
       -0.0163974808        0.0003442539        2.1640867306
        0.2985270172       -0.9216010342        1.5828199866
       -0.7879362576       -0.5720457050        1.5768138604
       -0.7879465270        0.5726007560        1.5766973041
        0.2985104754        0.9221767960        1.5826322396
        0.9672044324        0.0002940032        1.5839346010
        1.2730347547       -0.9219324602        0.9740867487
        0.5954718766       -1.8164531779        0.9607029302
       -0.4788266424       -1.4947024225        0.9744436766
       -1.5336385054       -1.1249571360        0.9605524426
       -1.5450106543        0.0002060882        0.9419053265
       -1.5336586947        1.1253732904        0.9603232975
       -0.4788534664        1.4951403252        0.9741392289
        0.5954392791        1.8169075521        0.9603329548
        1.2730182079        0.9224017366        0.9738989451
        1.9125278411        0.0002390319        0.9607968948
        1.0591704731       -1.4603886381        0.0018566251
        0.0064042357       -1.8018416194        0.0036867880
       -1.0592619663       -1.4581552877        0.0035029092
       -1.7106785904       -0.5635589137        0.0068969054
       -1.7106887046        0.5637776868        0.0067821117
       -1.0592881327        1.4583850395        0.0032059257
        0.0063719022        1.8020905232        0.0033198092
        1.0591442663        1.4606560666        0.0015591829
        1.7169126703        0.5533619176        0.0019980373
        1.7169225970       -0.5530826162        0.0021107036
        0.4729546850       -1.4517982414       -0.9460190237
       -0.5762588994       -1.7768362052       -0.9368898779
       -1.2339857715       -0.8970728493       -0.9414673190
       -1.8679293051        0.0000125037       -0.9307485527
       -1.2340018684        0.8971070301       -0.9416500155
       -0.5762907824        1.7768831017       -0.9372517436
        0.4729286342        1.4518621120       -0.9463146957
        1.5122802954        1.0979347356       -0.9401346307
        1.5273426420        0.0000412771       -0.9473252046
        1.5122999953       -1.0978509643       -0.9399110397
       -0.2918126283       -0.8966899305       -1.5223487976
       -0.9436444846       -0.0000391035       -1.5189956025
       -0.2918287174        0.8966227179       -1.5225314058
        0.7623242867        0.5540799233       -1.5238682651
        0.7623342292       -0.5541285002       -1.5237554192
       -0.0018845604       -0.0000881552       -2.0836853460
       -1.6238548847        0.0003160576        2.0288119649
       -2.3685479072       -0.5593538556        1.3994884320
       -2.3685579483        0.5598444322        1.3993744670
        2.0612607282       -1.4956938250        0.4485706156
        1.3769878633       -2.4018665968        0.4438333026
        0.3030223803       -2.7495610663        0.4462338958
       -0.7837122202       -2.4209237984        0.4523705437
       -1.8565867909       -2.0472052936        0.4515517145
       -2.5182434784       -1.1346402372        0.4543769052
       -2.5397155515        0.0001472941        0.4521559931
       -2.5182638404        1.1349356393        0.4541458003
       -1.8566235276        2.0475119736        0.4511347603
       -0.7837556628        2.4212498884        0.4518774781
        0.3029730407        2.7499053994        0.4456738997
        1.3769447624        2.4022297189        0.4433441142
        2.0612338869        1.4960702090        0.4482659722
        2.7101628527        0.5644054050        0.4434741939
        2.7101729766       -0.5640183723        0.4435890983
        1.8437279561       -2.0394645614       -0.5028106814
        0.7820426728       -2.4022036221       -0.5046782541
       -0.2899180007       -2.7323691881       -0.4991992651
       -1.3697902390       -2.3830344447       -0.4971760664
       -2.0428804138       -1.4854213804       -0.4979791576
       -2.6883707624       -0.5681973379       -0.4918789856
       -2.6883809587        0.5682969898       -0.4919947118
       -2.0429070684        1.4855313531       -0.4982816818
       -1.3698329999        2.3831566397       -0.4976613949
       -0.2899670300        2.7325103403       -0.4997557392
        0.7819995676        2.4023629001       -0.5051674903
        1.8436913595        2.0396432775       -0.5032260461
        2.5099441740        1.1213271414       -0.5032124240
        2.5268451823        0.0000951315       -0.5065090339
        2.5099642927       -1.1211364868       -0.5029840799
        1.2472570677       -2.0311111836       -1.4530363738
        0.1848815489       -2.3763379969       -1.4513796363
       -0.8807838726       -2.7095510827       -1.4439459604
       -1.5468649552       -1.8134448184       -1.4467713378
       -2.2033154816       -0.9099531456       -1.4440532408
       -2.8497386948       -0.0000478331       -1.4367845433
       -2.2033318085        0.9098675791       -1.4442385483
       -1.5468974940        1.8133704584       -1.4471406468
       -0.8808324907        2.7094892312       -1.4444977668
        0.1848389096        2.3762937601       -1.4518635842
        1.2472206228        2.0310856792       -1.4534500165
        2.3050482045        1.6742077472       -1.4494670405
        2.3172101964        0.5582461937       -1.4544809589
        2.3172202133       -0.5582527395       -1.4543672688
        2.3050782456       -1.6742134668       -1.4491260797
        0.4787503745       -1.4778504929       -2.0468955954
       -0.5905255298       -1.8120923650       -2.0340149729
       -1.2590678755       -0.9133065440       -2.0423761440
       -1.9072282559       -0.0000996408       -2.0286057822
       -1.2590842616        0.9131160692       -2.0425621238
       -0.5905580434        1.8119155702       -2.0343839960
        0.4787238583        1.4776902683       -2.0471965503
        1.5401627306        1.1196128730       -2.0376522312
        1.5526200885       -0.0000706193       -2.0484361549
        1.5401828216       -1.1197521155       -2.0374242026
       -0.2984351926       -0.9091539325       -2.6157540403
       -0.9590888791       -0.0001506477       -2.6130590696
       -0.2984515033        0.9088639237       -2.6159391642
        0.7705287082        0.5615609197       -2.6175922966
        0.7705387870       -0.5618320912       -2.6174779045
       -0.0043416524       -0.0002007035       -3.1887548532
