        0.0128371839        0.0064925869        0.0357019812
        0.0081317398        0.0024275165        1.0804476470
        0.3025119279       -0.8812894865        0.4959782598
       -0.7438161156       -0.5418595339        0.4819679844
       -0.7414219760        0.5582699751        0.4964064597
        0.2978101464        0.8950545233        0.4996683168
        0.9487917983        0.0057620470        0.4979230904
       -0.2768468724       -0.8742418624       -0.4425935991
       -0.9154377691        0.0048476748       -0.4419545025
       -0.2782234579        0.8805970230       -0.4449620964
        0.7564547075        0.5467963994       -0.4440662536
        0.7563848717       -0.5397420913       -0.4426746694
        0.0055965916        0.0017665464       -1.0129360037
       -0.0181044613       -0.0168013281        2.1596921066
        0.2990060507       -0.9251937834        1.5771784803
       -0.7778562522       -0.5671736294        1.5541563442
       -0.7833941493        0.5677880887        1.5772528122
        0.2998760304        0.9209486110        1.5834429027
        0.9733551560       -0.0003528998        1.5808587439
        1.2736816460       -0.9184927096        0.9760864494
        0.5946346360       -1.8067618368        0.9623158645
       -0.4760910015       -1.4663838807        0.9454148217
       -1.5270664484       -1.1100420202        0.9320384827
       -1.5389385986       -0.0003291000        0.9463928204
       -1.5291139787        1.1230034401        0.9645155297
       -0.4766984012        1.4969089607        0.9751491395
        0.5958691323        1.8228803089        0.9585276623
        1.2730921856        0.9281185870        0.9744730278
        1.9327604950        0.0048062101        0.9475398962
        1.0581486679       -1.4623282593        0.0017560241
        0.0057215115       -1.8000470428        0.0085518836
       -1.0588245006       -1.4549796593        0.0003336171
       -1.7102995327       -0.5571444260        0.0012716271
       -1.7066938574        0.5622884414        0.0102066843
       -1.0577896085        1.4582178833        0.0035649063
        0.0055516536        1.8059695425        0.0014561458
        1.0579771388        1.4685785599       -0.0025973866
        1.7317314598        0.5637316300        0.0040229631
        1.7308931621       -0.5576607194        0.0067566497
        0.4742935840       -1.4520259104       -0.9431877931
       -0.5755022022       -1.7761476372       -0.9325223123
       -1.2313962418       -0.8948518761       -0.9401958776
       -1.8661243704        0.0022302868       -0.9308601779
       -1.2334157545        0.8991863415       -0.9416679058
       -0.5771486885        1.7781611892       -0.9391322704
        0.4737015953        1.4543027365       -0.9501354102
        1.5149098555        1.1027563845       -0.9437552865
        1.5320119517        0.0014455886       -0.9468539254
        1.5147308371       -1.1004459400       -0.9386018760
       -0.2902738587       -0.8964998957       -1.5209057780
       -0.9414628032        0.0005381700       -1.5200247731
       -0.2913288679        0.8968599325       -1.5240612148
        0.7651731586        0.5550730117       -1.5253983020
        0.7650991610       -0.5551284096       -1.5230523768
       -0.0001543463       -0.0010287714       -2.0841296207
       -0.5190442130       -1.5223863181        2.0359083921
       -1.5842981442       -1.1520742780        2.0159681637
       -1.6046236982       -0.0243409139        2.0369451769
       -0.2086242416       -2.4129409785        1.4140041244
       -1.2743380597       -2.0588256796        1.4107546347
       -2.3498390331       -0.5748974268        1.4118852105
       -2.3548765099        0.5482049287        1.4161687146
        2.0524080547       -1.5125731979        0.4519615973
        1.3627224380       -2.4084234096        0.4481840438
        0.2893368105       -2.7441222451        0.4626780694
       -0.7899197546       -2.4101539747        0.4627663556
       -1.8567306002       -2.0426328623        0.4578059169
       -2.5164758410       -1.1329316351        0.4588825803
       -2.5337862556       -0.0040766743        0.4647611687
       -2.5140780346        1.1270472865        0.4659451154
       -1.8561712048        2.0434731154        0.4544531952
       -0.7858784645        2.4219191278        0.4515458754
        0.2970862988        2.7553096627        0.4421864333
        1.3688417397        2.4165351786        0.4342655596
        2.0537525945        1.5186269567        0.4451283428
        1.8371485388       -2.0479723960       -0.5018569268
        0.7738633407       -2.4057939464       -0.4982469033
       -0.2967269883       -2.7307790960       -0.4867477457
       -1.3716609754       -2.3814251052       -0.4891033689
       -2.0425258652       -1.4827947573       -0.4931053049
       -2.6885954233       -0.5660269567       -0.4870991249
       -2.6857601122        0.5648729518       -0.4834773968
       -2.0438282752        1.4823722184       -0.4934753803
       -1.3725767195        2.3812331751       -0.4972368683
       -0.2951006824        2.7348780404       -0.5027791580
        0.7762251775        2.4081130687       -0.5121912966
        1.8387872501        2.0501043452       -0.5121968105
        2.5131931198        1.1323465458       -0.5057329607
        2.5326012864        0.0014089997       -0.5076253891
        2.5122423975       -1.1295093656       -0.4996204925
        1.2442768592       -2.0348318701       -1.4497276910
        0.1819704785       -2.3784411780       -1.4446592122
       -0.8830443937       -2.7097320112       -1.4352195328
       -1.5468477282       -1.8127123632       -1.4403494727
       -2.2026347438       -0.9089967530       -1.4393601525
       -2.8496287093        0.0005723904       -1.4322985701
       -2.2050780119        0.9101453495       -1.4411176218
       -1.5500130740        1.8129567375       -1.4463495089
       -0.8856782803        2.7088916240       -1.4466361296
        0.1808748986        2.3772449776       -1.4571119620
        1.2445006515        2.0337291406       -1.4607373223
        2.3039186319        1.6786171389       -1.4560096284
        2.3185634749        0.5602808755       -1.4572474424
        2.3183473274       -0.5611308201       -1.4543528061
        2.3033018658       -1.6797635196       -1.4471827937
        0.4781885764       -1.4803328789       -2.0438455906
       -0.5914822077       -1.8134213707       -2.0290619890
       -1.2590591269       -0.9141215519       -2.0399093222
       -1.9074606811       -0.0005675644       -2.0271393620
       -1.2606305708        0.9124068993       -2.0422169049
       -0.5936253397        1.8106907779       -2.0362728206
        0.4773834018        1.4770311297       -2.0510379817
        1.5404197912        1.1200302455       -2.0418074669
        1.5541084547       -0.0015780318       -2.0490602762
        1.5403120117       -1.1234626561       -2.0362305273
       -0.2985074802       -0.9114385892       -2.6136762971
       -0.9590689397       -0.0020134478       -2.6127446906
       -0.2995877033        0.9066957620       -2.6171356814
        0.7709973473        0.5595565763       -2.6192666922
        0.7710757952       -0.5648207769       -2.6166101194
       -0.0042542942       -0.0034956894       -3.1886037337
