        0.0060748216        0.0168163665        0.0303739040
        0.0053358847        0.0143074916        1.0749294089
        0.2892854228       -0.8728879659        0.4807507549
       -0.7457012608       -0.5354448204        0.4802552201
       -0.7468117864        0.5639562545        0.4951229158
        0.2951075957        0.9067729271        0.4951886297
        0.9365752893        0.0168566165        0.4948707101
       -0.2817631479       -0.8681017012       -0.4471800383
       -0.9198707901        0.0095811124       -0.4448288961
       -0.2821072274        0.8905660034       -0.4461674136
        0.7522403754        0.5545125831       -0.4464353174
        0.7503000383       -0.5333192698       -0.4450189546
        0.0025044861        0.0072454584       -1.0158367743
       -0.0060274865       -0.0202111657        2.1554468604
        0.2954192165       -0.9097522328        1.5534398378
       -0.7730347013       -0.5615636960        1.5529855580
       -0.7835700634        0.5710987633        1.5784586006
        0.3020220463        0.9278353344        1.5798486387
        0.9705996758        0.0011861226        1.5782137407
        1.2479252893       -0.9044299567        0.9471097582
        0.5807523688       -1.7926708482        0.9363022494
       -0.4748496184       -1.4605700669        0.9476595055
       -1.5200000450       -1.1056127430        0.9345016377
       -1.5404345827        0.0018923504        0.9473548918
       -1.5353902700        1.1251286800        0.9640650132
       -0.4820721782        1.4989989547        0.9756456476
        0.5988770373        1.8416000520        0.9458618498
        1.2720262327        0.9290882920        0.9752788015
        1.9044496036        0.0076287075        0.9633701108
        1.0570450099       -1.4564326041        0.0014594825
        0.0013391665       -1.7966865054        0.0029492273
       -1.0570316677       -1.4521223188        0.0026329887
       -1.7107663959       -0.5566887428        0.0017102223
       -1.7119120599        0.5622964454        0.0092274755
       -1.0661011240        1.4602973136       -0.0000402026
        0.0023811609        1.8228020015        0.0036689776
        1.0700678368        1.4759218119        0.0034026540
        1.7214383432        0.5546410459       -0.0006344228
        1.7160968754       -0.5514285035        0.0084974885
        0.4730136587       -1.4488991711       -0.9409627600
       -0.5765254212       -1.7742432463       -0.9325493781
       -1.2342322091       -0.8940024793       -0.9406712920
       -1.8691483861        0.0016151979       -0.9324322106
       -1.2366799477        0.9012153837       -0.9453538512
       -0.5805075697        1.7829892936       -0.9420997869
        0.4741914418        1.4590215358       -0.9492406536
        1.5178886212        1.1011920037       -0.9426212086
        1.5303809102        0.0020544336       -0.9459759849
        1.5132154468       -1.0975314265       -0.9331075898
       -0.2908207994       -0.8947421646       -1.5222499900
       -0.9433610867        0.0012541672       -1.5222228214
       -0.2921192770        0.9005783103       -1.5257112899
        0.7656553576        0.5568816171       -1.5259804376
        0.7638328555       -0.5535643864       -1.5225323355
       -0.0000462212        0.0003373595       -2.0853765702
        1.2830209254       -0.9612419992        2.0377008855
        0.5916981325       -1.8529118971        2.0219475734
       -0.4926341611       -1.5122472071        2.0392040648
       -1.5653254202       -1.1481235203        2.0229224378
       -1.6027367402       -0.0237414568        2.0376592771
        2.2291540985       -0.9444464562        1.4169462267
        1.5585496776       -1.8466898270        1.4164029576
       -0.1907922032       -2.4014265898        1.4224404491
       -1.2594142753       -2.0527913071        1.4217233026
       -2.3204903752       -1.6943502979        1.4099892416
       -2.3450496265       -0.5770140878        1.4164556055
       -2.3579529542        0.5457924865        1.4176787606
        2.0472114164       -1.4969544465        0.4659711915
        1.3651271420       -2.3958187970        0.4621536162
        0.2936812650       -2.7393722513        0.4675404723
       -0.7830405102       -2.4061126279        0.4721045548
       -1.8467691949       -2.0426727838        0.4645906166
       -2.5116183723       -1.1349008694        0.4618315601
       -2.5355053488       -0.0086282639        0.4672004142
       -2.5214544046        1.1217883303        0.4650719584
       -1.8717230363        2.0402951848        0.4469073566
       -0.8070655465        2.4221441033        0.4485672470
        2.0773438881        1.4850397734        0.4479063705
        2.7142852746        0.5504345121        0.4458690100
        2.7001438445       -0.5744295235        0.4639264506
        1.8399628964       -2.0417318782       -0.4866529345
        0.7771533875       -2.4015818411       -0.4893427465
       -0.2945631170       -2.7298886394       -0.4819541169
       -1.3667350426       -2.3812481901       -0.4826052370
       -2.0406412234       -1.4855696922       -0.4887192413
       -2.6886010628       -0.5701396439       -0.4857433132
       -2.6905086210        0.5599122543       -0.4843478357
       -2.0517023536        1.4789476109       -0.4990819769
       -1.3829391191        2.3807718808       -0.5050350492
       -0.3000616869        2.7410718832       -0.5039613375
        0.7834339185        2.4105799987       -0.5105128008
        1.8542716854        2.0411135041       -0.5045112164
        2.5185738645        1.1131793532       -0.5059527124
        2.5295416311       -0.0094634993       -0.5001700251
        2.5062136630       -1.1284148696       -0.4856967111
        1.2464234787       -2.0338064146       -1.4392564013
        0.1842651614       -2.3776947958       -1.4379832508
       -0.8807864054       -2.7101633314       -1.4307362167
       -1.5470209395       -1.8149013715       -1.4377031684
       -2.2040330048       -0.9124581052       -1.4385079660
       -2.8516690200       -0.0041848406       -1.4332033292
       -2.2082024356        0.9071627406       -1.4453545877
       -1.5530978982        1.8122645258       -1.4526755531
       -0.8878585220        2.7101481621       -1.4513724422
        0.1822769531        2.3792470064       -1.4578573796
        1.2510028069        2.0319981279       -1.4581301737
        2.3112641008        1.6706863878       -1.4521690119
        2.3216435041        0.5532318665       -1.4536008253
        2.3195557020       -0.5641084510       -1.4464393540
        2.3043463686       -1.6797014872       -1.4343172774
        0.4798629554       -1.4814206123       -2.0403970950
       -0.5899139625       -1.8145980301       -2.0273988014
       -1.2593909022       -0.9161534728       -2.0400671699
       -1.9086642689       -0.0035713003       -2.0289151569
       -1.2611773752        0.9118368024       -2.0460205957
       -0.5930599193        1.8122385969       -2.0396036911
        0.4802269496        1.4784169422       -2.0510844885
        1.5447458468        1.1175997228       -2.0401409007
        1.5559406984       -0.0036070899       -2.0466723240
        1.5416233128       -1.1248242494       -2.0296527191
       -0.2968397281       -0.9125078648       -2.6134293605
       -0.9584677201       -0.0034912448       -2.6143875232
       -0.2977785762        0.9071886387       -2.6186394020
        0.7736346839        0.5590356330       -2.6189086787
        0.7727713639       -0.5661182179       -2.6147330247
       -0.0018517881       -0.0044202599       -3.1886230960
