        0.0048851108        0.0130914193        0.0302518707
        0.0039330667        0.0098242955        1.0754047796
        0.2887764371       -0.8754771494        0.4807600847
       -0.7467614153       -0.5378156328        0.4802358175
       -0.7460977386        0.5624520680        0.4957271772
        0.2929303434        0.9001026997        0.4976088249
        0.9351458528        0.0161143705        0.4954478336
       -0.2825227203       -0.8704799453       -0.4476991395
       -0.9207590010        0.0075392531       -0.4447063570
       -0.2828514135        0.8851438173       -0.4483892875
        0.7496497797        0.5497065529       -0.4486771455
        0.7498443811       -0.5354922761       -0.4448865804
        0.0015145287        0.0041904183       -1.0167588605
       -0.0075522894       -0.0251187709        2.1564097558
        0.2946243718       -0.9131722238        1.5536048668
       -0.7742994585       -0.5647498904        1.5531354310
       -0.7829454381        0.5689219708        1.5790568917
        0.3000485111        0.9217397060        1.5829750225
        0.9689018651       -0.0001796778        1.5787948797
        1.2469997858       -0.9048437414        0.9475173383
        0.5807793119       -1.7948306586        0.9359853724
       -0.4756422314       -1.4629267156        0.9470320465
       -1.5211620444       -1.1072394293        0.9341167282
       -1.5399599586        0.0009189075        0.9477793476
       -1.5319911185        1.1246511965        0.9662091320
       -0.4797366165        1.4999921643        0.9752828116
        0.5932435904        1.8243619340        0.9592493814
        1.2707080347        0.9313399927        0.9748918464
        1.9014612979        0.0094028880        0.9654362800
        1.0576153396       -1.4573045126        0.0017584953
        0.0012640392       -1.7985171376        0.0022857403
       -1.0580605799       -1.4536223789        0.0019304477
       -1.7117171669       -0.5570778093        0.0019652443
       -1.7100285173        0.5634195573        0.0103096568
       -1.0603833780        1.4611603547        0.0022493178
        0.0054587197        1.8086696788       -0.0008072812
        1.0592247282        1.4663260658       -0.0010855503
        1.7173281141        0.5587736586        0.0016075818
        1.7152710277       -0.5493355205        0.0095479168
        0.4732274350       -1.4499705191       -0.9413559574
       -0.5769596954       -1.7755849743       -0.9334295738
       -1.2350174699       -0.8947506931       -0.9410930820
       -1.8695940767        0.0023733578       -0.9315844749
       -1.2365835202        0.9012005266       -0.9441119199
       -0.5782668900        1.7811476707       -0.9417345017
        0.4733374203        1.4564857573       -0.9514344595
        1.5149528015        1.1010730931       -0.9422830267
        1.5302884582        0.0021351364       -0.9447640021
        1.5140434586       -1.0971588116       -0.9322497884
       -0.2913235197       -0.8963142149       -1.5230587628
       -0.9441592436        0.0009060239       -1.5221344178
       -0.2924000456        0.8988541944       -1.5266586820
        0.7648433662        0.5553449810       -1.5269430403
        0.7642793532       -0.5543081851       -1.5224384684
       -0.0004477948       -0.0008824293       -2.0859610101
        1.2816778404       -0.9626218478        2.0382647293
        0.5914880429       -1.8560213180        2.0215614064
       -0.4937018682       -1.5155388309        2.0387152676
       -1.5667340001       -1.1505944452        2.0226826180
       -1.6024824823       -0.0256715255        2.0381913284
        2.2280105835       -0.9425894196        1.4177360675
        1.5589228283       -1.8466301437        1.4160718192
       -0.1914568717       -2.4037773574        1.4211091768
       -1.2606920081       -2.0548561863        1.4204165056
       -2.3220011792       -1.6952607552        1.4089283538
       -2.3452748582       -0.5772329007        1.4161877605
       -2.3560553203        0.5463286523        1.4184889052
        2.0479922839       -1.4945754335        0.4664481953
        1.3664954551       -2.3961464594        0.4619662104
        0.2941632648       -2.7410098248        0.4663495866
       -0.7837298320       -2.4079157491        0.4706701066
       -1.8482128780       -2.0436115209        0.4633964536
       -2.5128924847       -1.1343973555        0.4615788141
       -2.5347491821       -0.0064198862        0.4677164790
       -2.5163320273        1.1267631561        0.4673181743
       -1.8576126514        2.0450289447        0.4535108628
       -0.7849030313        2.4249619485        0.4487752316
        0.3023755449        2.7561738092        0.4401380306
        1.3760333602        2.4073535731        0.4398703230
        2.0610533059        1.5004024386        0.4480878241
        2.7056974478        0.5626810572        0.4523901103
        2.6989795794       -0.5672452914        0.4661046521
        1.8418797808       -2.0405876063       -0.4858986006
        0.7783210403       -2.4022248656       -0.4897875555
       -0.2943740332       -2.7311053289       -0.4832302810
       -1.3676594675       -2.3820935565       -0.4839021888
       -2.0419707184       -1.4854000213       -0.4892233935
       -2.6894749023       -0.5681337300       -0.4850245634
       -2.6883749950        0.5638748157       -0.4822016715
       -2.0465684129        1.4834491792       -0.4943928918
       -1.3732388357        2.3835405694       -0.4992614420
       -0.2919549479        2.7367778580       -0.5049425929
        0.7821567587        2.4068224819       -0.5104820888
        1.8451017382        2.0424748272       -0.5054941840
        2.5123296503        1.1212226649       -0.5002389299
        2.5280441605       -0.0027080194       -0.4955472027
        2.5068655211       -1.1238616556       -0.4835972362
        1.2480219686       -2.0332383721       -1.4389998235
        0.1848731303       -2.3781700766       -1.4387433706
       -0.8809626093       -2.7107075957       -1.4319196863
       -1.5477783020       -1.8149298404       -1.4385018178
       -2.2049793078       -0.9110734671       -1.4382929787
       -2.8518689409       -0.0009330917       -1.4313195851
       -2.2076827740        0.9102100114       -1.4423101954
       -1.5511490232        1.8145783184       -1.4487207973
       -0.8842522701        2.7106469321       -1.4486554664
        0.1838745744        2.3785197985       -1.4577128357
        1.2491954373        2.0323996307       -1.4579933666
        2.3085602885        1.6733012596       -1.4494858223
        2.3213878987        0.5563224357       -1.4496974998
        2.3209164603       -0.5612868351       -1.4434389078
        2.3064342585       -1.6771561148       -1.4324268308
        0.4806250001       -1.4817622643       -2.0408622343
       -0.5901363036       -1.8153262745       -2.0284222842
       -1.2601903085       -0.9159870861       -2.0405537239
       -1.9094847466       -0.0017590833       -2.0279262743
       -1.2617758020        0.9130058159       -2.0447308937
       -0.5925563756        1.8122119543       -2.0385807574
        0.4799454766        1.4776609768       -2.0519305374
        1.5442656291        1.1179280999       -2.0391447780
        1.5570859019       -0.0029786577       -2.0454102525
        1.5433538019       -1.1238279177       -2.0286584526
       -0.2970332502       -0.9131257701       -2.6141129839
       -0.9591512891       -0.0031042744       -2.6140958315
       -0.2982812345        0.9067836959       -2.6188792786
        0.7737661712        0.5584375760       -2.6191624270
        0.7735445735       -0.5661991501       -2.6144380766
       -0.0020261819       -0.0049279932       -3.1887036102
