        0.0046419335        0.0140059591        0.0300265661
        0.0036865646        0.0108576857        1.0753263262
        0.2883567379       -0.8737410472        0.4802501842
       -0.7466749892       -0.5374025766        0.4803171968
       -0.7463145747        0.5629796663        0.4956894351
        0.2928282261        0.9007633614        0.4975160499
        0.9349118636        0.0166571583        0.4955805848
       -0.2826265307       -0.8699249101       -0.4477635266
       -0.9209147086        0.0078308744       -0.4447072944
       -0.2830028762        0.8856398041       -0.4486632603
        0.7496629118        0.5500701566       -0.4487301198
        0.7497129436       -0.5350475078       -0.4448154584
        0.0014800339        0.0044842628       -1.0168457206
       -0.0076812248       -0.0243404043        2.1564519872
        0.2944320160       -0.9118005986        1.5531924177
       -0.7738368964       -0.5646615470        1.5532615822
       -0.7831925550        0.5694149434        1.5791222591
        0.2999567267        0.9224839962        1.5829708643
        0.9686551861        0.0001437080        1.5790088365
        1.2465013560       -0.9044083352        0.9478269870
        0.5792972696       -1.7897440977        0.9344195559
       -0.4751357024       -1.4626212360        0.9471264547
       -1.5204468520       -1.1074222828        0.9345555029
       -1.5397671421        0.0010028332        0.9480073827
       -1.5322014330        1.1249765866        0.9661775045
       -0.4799188852        1.5005421829        0.9751004872
        0.5931798423        1.8249589310        0.9590349787
        1.2705928112        0.9317051015        0.9749871511
        1.9010958241        0.0093103531        0.9659552173
        1.0572304847       -1.4568576119        0.0020949599
        0.0012637059       -1.7976621654        0.0022534939
       -1.0575931284       -1.4535816131        0.0023220491
       -1.7115114843       -0.5571417723        0.0022742208
       -1.7101843327        0.5634862708        0.0104083766
       -1.0605786839        1.4614576688        0.0020061940
        0.0053880491        1.8090962379       -0.0011315452
        1.0592543550        1.4666373816       -0.0011997773
        1.7172455360        0.5587905088        0.0018263450
        1.7149039131       -0.5495124055        0.0101866209
        0.4732227857       -1.4498308117       -0.9409661705
       -0.5768782044       -1.7753440399       -0.9332336419
       -1.2350409430       -0.8947224079       -0.9408555697
       -1.8696812242        0.0022752939       -0.9314174510
       -1.2367354440        0.9012892844       -0.9442541641
       -0.5783827604        1.7813589467       -0.9421132539
        0.4733717553        1.4566480165       -0.9516725162
        1.5150978977        1.1010724740       -0.9422487953
        1.5303545083        0.0021102755       -0.9444333180
        1.5139230351       -1.0972429643       -0.9316365209
       -0.2912499341       -0.8962479316       -1.5229541210
       -0.9441933096        0.0008722795       -1.5220884625
       -0.2924280294        0.8989381517       -1.5268739029
        0.7649786426        0.5553288367       -1.5269423642
        0.7643281587       -0.5543198780       -1.5221990800
       -0.0003579719       -0.0009589181       -2.0859449376
        1.2811487787       -0.9628595979        2.0383015872
        0.5902133238       -1.8515487837        2.0229690323
       -0.4924283489       -1.5160542004        2.0383197385
       -1.5654812788       -1.1510455946        2.0231086017
       -1.6020282745       -0.0259575348        2.0384882572
        2.2271769826       -0.9431191371        1.4184948185
        1.5575149603       -1.8456359883        1.4163855357
        0.8808832418       -2.7361463846        1.4093945314
       -0.1893155924       -2.4029625454        1.4208034678
       -1.2590698811       -2.0553408137        1.4208727285
       -2.3206980054       -1.6957773679        1.4096018163
       -2.3446039714       -0.5776239272        1.4166381766
       -2.3558143334        0.5461456358        1.4187915421
        2.0467253732       -1.4954010442        0.4678013590
        1.3654358596       -2.3949096345        0.4619313082
        0.2929406918       -2.7394003680        0.4639933155
       -0.7823295312       -2.4078698980        0.4715476041
       -1.8470879438       -2.0439879092        0.4641318706
       -2.5122107829       -1.1348499599        0.4621823646
       -2.5345954747       -0.0066790979        0.4680979745
       -2.5165220312        1.1266604139        0.4674618517
       -1.8578620689        2.0452003243        0.4531995618
       -0.7850654637        2.4253657994        0.4482717671
        0.3023402516        2.7566277726        0.4396225497
        1.3760713289        2.4077137645        0.4395530315
        2.0610336187        1.5005123989        0.4480874977
        2.7054297334        0.5623370019        0.4529041136
        2.6983226297       -0.5679281013        0.4671242190
        1.8414769980       -2.0407889215       -0.4848510706
        0.7783181944       -2.4020357321       -0.4888155486
       -0.2943579171       -2.7307503743       -0.4832359328
       -1.3670014388       -2.3821897726       -0.4831664850
       -2.0415448326       -1.4857078622       -0.4886329779
       -2.6892642021       -0.5685030716       -0.4845577299
       -2.6885101568        0.5636067721       -0.4819775216
       -2.0468174658        1.4833765670       -0.4945137832
       -1.3734636671        2.3836515526       -0.4997087030
       -0.2920201160        2.7370278194       -0.5054824100
        0.7822283196        2.4070204281       -0.5108635333
        1.8452645511        2.0425070261       -0.5056207875
        2.5124036443        1.1209205326       -0.4999602917
        2.5279192845       -0.0032058456       -0.4948099724
        2.5063628293       -1.1244918526       -0.4823138612
        1.2480158772       -2.0334449732       -1.4381216875
        0.1850445196       -2.3781692110       -1.4381385095
       -0.8808568149       -2.7106938027       -1.4316114559
       -1.5476800349       -1.8151121458       -1.4380263250
       -2.2049607989       -0.9113838192       -1.4378981262
       -2.8519216508       -0.0013395944       -1.4310005976
       -2.2078492278        0.9099669338       -1.4423212232
       -1.5513204663        1.8144902188       -1.4490286059
       -0.8843645404        2.7106325486       -1.4491786398
        0.1839080133        2.3785136977       -1.4581434180
        1.2493890680        2.0322805737       -1.4582124020
        2.3088325451        1.6729880050       -1.4493853819
        2.3216011712        0.5559659570       -1.4492793564
        2.3210085691       -0.5617068952       -1.4426144420
        2.3063521438       -1.6775451383       -1.4313345677
        0.4807711614       -1.4819341904       -2.0404084591
       -0.5899796444       -1.8154436314       -2.0281134661
       -1.2601477334       -0.9162143355       -2.0402957442
       -1.9095299632       -0.0020689536       -2.0277617779
       -1.2618507051        0.9128331610       -2.0448797120
       -0.5925902736        1.8121193970       -2.0389569609
        0.4800818702        1.4775166629       -2.0521624296
        1.5445451405        1.1176471042       -2.0390953288
        1.5573292507       -0.0032727417       -2.0450622385
        1.5434777438       -1.1241401913       -2.0279853413
       -0.2968824323       -0.9133637428       -2.6139208093
       -0.9590906086       -0.0033923693       -2.6140163709
       -0.2982022082        0.9065590104       -2.6190486883
        0.7740017381        0.5581412508       -2.6191181077
        0.7737449668       -0.5664855113       -2.6141285626
       -0.0018337184       -0.0052806122       -3.1886097583
