        0.0053533430        0.0148182942        0.0267774360
        0.0054721958        0.0150693264        1.0702585643
        0.2878556555       -0.8746021341        0.4749673972
       -0.7456605750       -0.5376712825        0.4746161000
       -0.7447018426        0.5632679263        0.4950340430
        0.2937147236        0.9027131543        0.4935996529
        0.9343399418        0.0176224153        0.4947601444
       -0.2823778377       -0.8697607036       -0.4508888415
       -0.9206327105        0.0087733285       -0.4465122231
       -0.2827058679        0.8865272515       -0.4506248843
        0.7502651008        0.5509130172       -0.4508849494
        0.7503531630       -0.5343995995       -0.4466870931
        0.0017207916        0.0049387579       -1.0191157485
       -0.0011718941       -0.0059213655        2.1462347894
        0.2877716793       -0.9091475829        1.5403845907
       -0.7667441760       -0.5656403516        1.5402574551
       -0.7814904457        0.5673269318        1.5805658804
        0.3017314398        0.9272670235        1.5786090614
        0.9666628310       -0.0003929145        1.5801939606
        1.2420749737       -0.9023199468        0.9511660336
        0.5781493234       -1.7928771657        0.9354158664
       -0.4758699423       -1.4637789240        0.9436521137
       -1.5181973536       -1.1074042484        0.9334898803
       -1.5346708781        0.0001515782        0.9513111397
       -1.5282653507        1.1252657105        0.9678233631
       -0.4781615931        1.5011234929        0.9738650033
        0.5941854994        1.8274423847        0.9551827343
        1.2699785275        0.9332140751        0.9734853144
        1.8986653105        0.0120492197        0.9671256502
        1.0577703765       -1.4561297662        0.0025378965
        0.0009337234       -1.7983940145        0.0003191644
       -1.0577983364       -1.4537395963        0.0000387440
       -1.7112172586       -0.5559783009        0.0027059116
       -1.7085821238        0.5632700289        0.0123966237
       -1.0593768868        1.4617687281        0.0017695428
        0.0059101213        1.8107072095       -0.0038260211
        1.0600043202        1.4682315443       -0.0040773849
        1.7167881139        0.5598192645        0.0012000820
        1.7138703044       -0.5486617930        0.0117438556
        0.4739247578       -1.4497563853       -0.9417150622
       -0.5769764992       -1.7754247970       -0.9347968592
       -1.2355562875       -0.8941279656       -0.9414645768
       -1.8700615009        0.0031229260       -0.9305630021
       -1.2371406028        0.9020321007       -0.9444811003
       -0.5786134736        1.7819163834       -0.9436748960
        0.4735512664        1.4571501516       -0.9539835835
        1.5156704606        1.1014474151       -0.9441596685
        1.5311794963        0.0024414093       -0.9450482762
        1.5147760855       -1.0968713005       -0.9311379238
       -0.2913195826       -0.8962008122       -1.5247928590
       -0.9446327693        0.0012013460       -1.5230685285
       -0.2927947495        0.8992321115       -1.5284910689
        0.7653821414        0.5553955780       -1.5287431903
        0.7647972091       -0.5543551715       -1.5233429670
       -0.0004791098       -0.0009853998       -2.0875288750
        0.2814132549       -0.9612491796        2.6255728167
       -0.7924319509       -0.6105736891        2.6257102771
        1.2604155061       -0.9600878776        2.0473373050
        0.5821688130       -1.8524590876        2.0204752219
       -0.4932591265       -1.5143826025        2.0349603326
       -1.5579962974       -1.1538090731        2.0209625192
       -1.5844109647       -0.0360390358        2.0470465417
        2.2167253587       -0.9371529334        1.4291426653
        1.5509966646       -1.8416711548        1.4243115754
       -0.1922863609       -2.4033810790        1.4209751742
       -1.2587282636       -2.0555361273        1.4202507703
       -2.3181448508       -1.6947791358        1.4116729899
       -2.3363409588       -0.5774149370        1.4239927931
       -2.3439475404        0.5443958699        1.4296096818
        2.0448960177       -1.4919963943        0.4742919725
        1.3657924839       -2.3935121111        0.4667694663
        0.2938494674       -2.7399270600        0.4666398716
       -0.7837600276       -2.4083433558        0.4695818849
       -1.8473937372       -2.0429727078        0.4640269229
       -2.5109805752       -1.1325289379        0.4660423427
       -2.5308746776       -0.0059373632        0.4752695235
       -2.5134295370        1.1249881909        0.4740769792
       -1.8558650622        2.0448814689        0.4548738596
       -0.7836129256        2.4261814654        0.4472533658
        0.3032174842        2.7588578901        0.4360933913
        1.3768961240        2.4099950222        0.4358627467
        2.0606723632        1.5021048398        0.4466314286
        2.7040987949        0.5635037936        0.4538839075
        2.6954083222       -0.5670951561        0.4730884374
        1.8426454080       -2.0393964309       -0.4814167295
        0.7794435538       -2.4016969369       -0.4882930837
       -0.2940861997       -2.7311046719       -0.4839124106
       -1.3679718350       -2.3819053521       -0.4844572179
       -2.0426069120       -1.4843188800       -0.4876892538
       -2.6894350369       -0.5666059278       -0.4807369608
       -2.6876198432        0.5636028016       -0.4771529550
       -2.0467111232        1.4829491626       -0.4919450040
       -1.3733652569        2.3835699238       -0.4997134090
       -0.2921800358        2.7380917153       -0.5078982302
        0.7825859459        2.4081125725       -0.5141538348
        1.8460594340        2.0433551694       -0.5083887150
        2.5124216339        1.1210810260       -0.5005793102
        2.5277884182       -0.0033061210       -0.4929320898
        2.5059458646       -1.1237577064       -0.4783150048
        1.2493723026       -2.0333940372       -1.4370632577
        0.1856495040       -2.3781270578       -1.4384057720
       -0.8809590510       -2.7104487280       -1.4324509296
       -1.5484834181       -1.8144140889       -1.4381500609
       -2.2062108665       -0.9103625767       -1.4364140924
       -2.8529128896       -0.0001992974       -1.4276358955
       -2.2090946484        0.9106292703       -1.4403744225
       -1.5525213615        1.8147836018       -1.4487017129
       -0.8854383959        2.7106741111       -1.4505350716
        0.1834314854        2.3786046615       -1.4606432047
        1.2496573876        2.0321645847       -1.4608911858
        2.3095775159        1.6725376155       -1.4512669167
        2.3226252432        0.5555915174       -1.4495478773
        2.3222787152       -0.5618667776       -1.4413346188
        2.3076467687       -1.6772537692       -1.4285595166
        0.4812950391       -1.4823190963       -2.0410296156
       -0.5902469893       -1.8155377418       -2.0292430060
       -1.2610947730       -0.9160229273       -2.0407410807
       -1.9108382455       -0.0015264128       -2.0267976564
       -1.2631161350        0.9131437800       -2.0450855390
       -0.5936749191        1.8121002415       -2.0403735823
        0.4798551070        1.4772708180       -2.0543216440
        1.5451586209        1.1171151167       -2.0408695568
        1.5582749089       -0.0037102648       -2.0456770084
        1.5445759082       -1.1244738031       -2.0274363968
       -0.2971970452       -0.9136233522       -2.6151554713
       -0.9600011357       -0.0033949223       -2.6145898188
       -0.2990185536        0.9063428901       -2.6203999067
        0.7741638580        0.5576065740       -2.6206485672
        0.7740851935       -0.5669602796       -2.6148946170
       -0.0022398825       -0.0056906487       -3.1896678387
