        0.0051500278        0.0156207729        0.0266127837
        0.0052783152        0.0158422787        1.0702430919
        0.2875136323       -0.8730143082        0.4746324652
       -0.7456068460       -0.5372948445        0.4746882057
       -0.7448941300        0.5637114374        0.4950106926
        0.2936209112        0.9032641223        0.4935583047
        0.9341539879        0.0180934331        0.4949201019
       -0.2824313307       -0.8692834587       -0.4508980552
       -0.9207553508        0.0090132672       -0.4465080812
       -0.2828383838        0.8869513394       -0.4508480693
        0.7502820945        0.5512318758       -0.4509038099
        0.7502564075       -0.5339932678       -0.4465982383
        0.0017031114        0.0051870983       -1.0191665407
       -0.0014824341       -0.0051414487        2.1462482078
        0.2877965229       -0.9081535343        1.5403125275
       -0.7663879107       -0.5655891964        1.5403694045
       -0.7817591540        0.5677431399        1.5805758163
        0.3016629821        0.9278320954        1.5786106658
        0.9664529124       -0.0003501556        1.5804814940
        1.2417493609       -0.9019612677        0.9513511989
        0.5768866172       -1.7881757359        0.9337049087
       -0.4754208382       -1.4634079488        0.9438284477
       -1.5176263062       -1.1075496425        0.9338179152
       -1.5345318107        0.0002100137        0.9515009892
       -1.5284801715        1.1255381489        0.9677751366
       -0.4783341555        1.5015835620        0.9737262453
        0.5941221975        1.8279299313        0.9550397804
        1.2698779108        0.9334902665        0.9736319230
        1.8983675973        0.0119608664        0.9675902459
        1.0574654489       -1.4556919603        0.0028014397
        0.0009599337       -1.7976180449        0.0003613023
       -1.0573561780       -1.4537110904        0.0004184022
       -1.7110475874       -0.5560449868        0.0029508110
       -1.7087217775        0.5633051798        0.0124713679
       -1.0595618536        1.4620083085        0.0015617414
        0.0058360823        1.8110573667       -0.0040774980
        1.0600205159        1.4684930288       -0.0041343750
        1.7167193180        0.5598370271        0.0014119511
        1.7135830528       -0.5487958443        0.0122867223
        0.4739555405       -1.4496436882       -0.9413235727
       -0.5768527586       -1.7752358375       -0.9345633924
       -1.2355378776       -0.8941322784       -0.9412313394
       -1.8701209608        0.0030086967       -0.9304312533
       -1.2372684584        0.9020883381       -0.9446067822
       -0.5787207759        1.7820868124       -0.9439918279
        0.4735770185        1.4572893036       -0.9541659342
        1.5157921475        1.1014607190       -0.9441048344
        1.5312445779        0.0024413647       -0.9447561534
        1.5146949636       -1.0969100547       -0.9306138762
       -0.2912244830       -0.8961646336       -1.5246604631
       -0.9446432153        0.0011439700       -1.5230202559
       -0.2928146163        0.8992915249       -1.5286636486
        0.7655014955        0.5553845703       -1.5287207485
        0.7648502029       -0.5543674398       -1.5231124892
       -0.0003873347       -0.0010685220       -2.0874934315
        0.2818630613       -0.9598756705        2.6257165036
       -0.7918862498       -0.6109535938        2.6257744363
        1.2603995701       -0.9606728114        2.0471511950
        0.5814032205       -1.8491812122        2.0211040087
       -0.4920214054       -1.5146745634        2.0348554101
       -1.5570354325       -1.1542811568        2.0212193851
       -1.5840254236       -0.0363577357        2.0473046619
        2.2162317938       -0.9375838721        1.4296174883
        1.5502493691       -1.8405695340        1.4241411448
        0.8782274512       -2.7336034271        1.4119926875
       -0.1910297018       -2.4023590623        1.4206351544
       -1.2573928799       -2.0558371593        1.4206926885
       -2.3171173168       -1.6952546052        1.4121650878
       -2.3358062425       -0.5777695674        1.4243508114
       -2.3437599622        0.5442161875        1.4298635162
        2.0438676286       -1.4927394082        0.4753265880
        1.3650595185       -2.3923043193        0.4663065808
        0.2927110061       -2.7384436558        0.4645557494
       -0.7824841689       -2.4082653688        0.4704053598
       -1.8463853775       -2.0433298665        0.4646711613
       -2.5104167683       -1.1329421756        0.4665156766
       -2.5307566865       -0.0061843998        0.4755734054
       -2.5136205603        1.1248667279        0.4741713914
       -1.8561194943        2.0450100665        0.4545832647
       -0.7837873208        2.4265068657        0.4468295791
        0.3031571065        2.7592227445        0.4356892602
        1.3769064176        2.4103006678        0.4356313276
        2.0606376729        1.5021917900        0.4466761122
        2.7038722616        0.5632100069        0.4543372368
        2.6948812389       -0.5676710419        0.4738903741
        1.8423445131       -2.0395321717       -0.4806103125
        0.7794536206       -2.4015375036       -0.4873144675
       -0.2940201594       -2.7307982810       -0.4838137035
       -1.3673313171       -2.3820185852       -0.4837557945
       -2.0421954198       -1.4846236274       -0.4871622294
       -2.6892486663       -0.5669604209       -0.4803658168
       -2.6877351519        0.5633340007       -0.4769913122
       -2.0469351302        1.4828561499       -0.4920690284
       -1.3735785168        2.3836447863       -0.5001032899
       -0.2922548223        2.7382895448       -0.5083400607
        0.7826304064        2.4082763876       -0.5144464251
        1.8461838307        2.0433894895       -0.5084554371
        2.5124770948        1.1208448197       -0.5003129565
        2.5276891849       -0.0036988585       -0.4923158458
        2.5055521110       -1.1242597029       -0.4772715087
        1.2493842740       -2.0335800883       -1.4362484709
        0.1858563257       -2.3781569982       -1.4377823631
       -0.8807920780       -2.7104756319       -1.4320985547
       -1.5483372886       -1.8146190932       -1.4376887972
       -2.2061515178       -0.9106804392       -1.4360620324
       -2.8529355613       -0.0005998625       -1.4273918699
       -2.2092281743        0.9103817269       -1.4404061271
       -1.5526698607        1.8146817221       -1.4489767947
       -0.8855445796        2.7106463465       -1.4509783779
        0.1834505733        2.3785959482       -1.4609921962
        1.2498137514        2.0320740452       -1.4610497304
        2.3098001884        1.6722975246       -1.4511507782
        2.3228064261        0.5553195784       -1.4491858905
        2.3223650051       -0.5621900239       -1.4406506228
        2.3076002012       -1.6775507453       -1.4276702994
        0.4814499723       -1.4824922832       -2.0405835672
       -0.5900547175       -1.8156809590       -2.0289111375
       -1.2610176942       -0.9162656692       -2.0404895549
       -1.9108507461       -0.0018436634       -2.0266631614
       -1.2631683714        0.9129604596       -2.0452152332
       -0.5937040423        1.8120033229       -2.0406897514
        0.4799700021        1.4771453331       -2.0545012109
        1.5453923413        1.1168895336       -2.0408051633
        1.5584806690       -0.0039534165       -2.0453674713
        1.5446850456       -1.1247433124       -2.0268495999
       -0.2970350352       -0.9138646114       -2.6149500910
       -0.9599256518       -0.0036853394       -2.6145112453
       -0.2989417114        0.9061264444       -2.6205335067
        0.7743694462        0.5573467486       -2.6205914157
        0.7742679625       -0.5672232444       -2.6146048112
       -0.0020571655       -0.0060241663       -3.1895671467
