        0.0103394558        0.0075121357        0.0181287016
        0.0151519944        0.0110133178        1.0595050914
        0.2910113759       -0.8785950325        0.4715780360
       -0.7434049769       -0.5401132209        0.4729699069
       -0.7456680900        0.5482718158        0.4715716400
        0.3010717232        0.8908317230        0.4876487714
        0.9402655150        0.0110569603        0.4876527150
       -0.2811837359       -0.8743538137       -0.4543010600
       -0.9184485083        0.0027658817       -0.4543049917
       -0.2798206148        0.8837338325       -0.4523408633
        0.7546061000        0.5482513916       -0.4554997264
        0.7540134324       -0.5392166331       -0.4523344849
        0.0039579952        0.0028710607       -1.0242229322
        0.0094636057        0.0068852744        2.1332214310
        0.2918241706       -0.9055600682        1.5383215879
       -0.7626500855       -0.5540908280        1.5399961255
       -0.7710667434        0.5573837427        1.5383150301
        0.3011821138        0.9250910366        1.5741921208
        0.9728775390        0.0005816141        1.5741962650
        1.2455219453       -0.9056568685        0.9484948508
        0.5795291282       -1.7935798492        0.9372683270
       -0.4740036711       -1.4601730043        0.9477525380
       -1.5196609010       -1.1040940779        0.9402771784
       -1.5351862808        0.0004195276        0.9477459908
       -1.5267154685        1.1054170812        0.9372553320
       -0.4764474872        1.4644306830        0.9484842267
        0.5945801783        1.8084324992        0.9622078745
        1.2731170321        0.9249780472        0.9734316967
        1.9036527901        0.0066486564        0.9622159511
        1.0593736328       -1.4597821933       -0.0000483498
        0.0010169655       -1.8007011459        0.0011374555
       -1.0573044258       -1.4539675430        0.0019957722
       -1.7095303409       -0.5562556015        0.0019917482
       -1.7122543135        0.5574144247        0.0011268851
       -1.0609709362        1.4586216839       -0.0000614317
        0.0040803832        1.8050350641        0.0065975477
        1.0613628138        1.4641980912       -0.0016830765
        1.7205142800        0.5569539466       -0.0016790097
        1.7179512490       -0.5539057669        0.0066081218
        0.4744449412       -1.4535089729       -0.9445588876
       -0.5775750238       -1.7784286195       -0.9349495785
       -1.2358162534       -0.8978773122       -0.9438897352
       -1.8698626394        0.0002526584       -0.9349575515
       -1.2357536191        0.9003773633       -0.9445694391
       -0.5783655220        1.7824340226       -0.9359515019
        0.4744129739        1.4584457609       -0.9487956440
        1.5209147202        1.1050050052       -0.9460095430
        1.5336700608        0.0005034839       -0.9487891087
        1.5164747259       -1.1008661686       -0.9359385773
       -0.2911903924       -0.8978651094       -1.5273600946
       -0.9438967314        0.0005080788       -1.5273641216
       -0.2920246180        0.9003606822       -1.5276261334
        0.7668174174        0.5571186141       -1.5305803160
        0.7660598461       -0.5559676183       -1.5276196053
        0.0002933864        0.0002037876       -2.0903369828
        0.2833881982       -0.9409871067        2.6240155525
       -0.7877103607       -0.5722933234        2.6243342467
       -0.8073713466        0.5603145832        2.6240088228
        1.2647660577       -0.9563614226        2.0452189812
        0.5820191284       -1.8430407044        2.0252567781
       -0.4922672191       -1.4965810718        2.0421898960
       -1.5549459301       -1.1297252757        2.0282310261
       -1.5754608231       -0.0056930059        2.0421832130
       -1.5729907234        1.1230758402        2.0252434823
       -0.5187283021        1.4984079250        2.0452079775
        2.2208442884       -0.9414526869        1.4256548726
        1.5519443164       -1.8431285200        1.4252539277
       -0.1924076758       -2.3958149725        1.4297263915
       -1.2583409540       -2.0444998534        1.4319678673
       -2.3332897426       -0.5649598021        1.4319612352
       -2.3380187879        0.5573653170        1.4297131536
       -1.2733483325        2.0455531316        1.4252364964
       -0.2091022048        2.4030816736        1.4256398805
        2.0469621924       -1.4965883068        0.4714191895
        1.3655033661       -2.3955637392        0.4665205953
        0.2922735755       -2.7401196994        0.4714087073
       -0.7836073692       -2.4058460441        0.4767747760
       -1.8475275282       -2.0382910834        0.4731496739
       -2.5094494184       -1.1272337774        0.4731455900
       -2.5302455839       -0.0018048272        0.4767639997
       -2.5156932227        1.1247149650        0.4713913829
       -1.8563547823        2.0389434863        0.4665007173
       -0.7907960083        2.4092507046        0.4714016813
        0.2895843010        2.7443032505        0.4682524680
        1.3689078053        2.4027003626        0.4507352111
        2.0614432100        1.4977282085        0.4506867104
        2.7081176809        0.5594361354        0.4507434737
        2.6994719730       -0.5726225115        0.4682673363
        1.8425335843       -2.0435084061       -0.4847483747
        0.7781425367       -2.4051639815       -0.4885067959
       -0.2959756578       -2.7328367641       -0.4804108080
       -1.3686844850       -2.3817507535       -0.4795464752
       -2.0430503584       -1.4843651753       -0.4854823816
       -2.6881242860       -0.5656976992       -0.4795546158
       -2.6905416823        0.5630005596       -0.4804255818
       -2.0469855524        1.4832911729       -0.4885242262
       -1.3741157699        2.3838295293       -0.4847682206
       -0.2985442458        2.7343343240       -0.4834415816
        0.7756106873        2.4089939018       -0.4964123247
        1.8444541105        2.0450070990       -0.5013085411
        2.5148871106        1.1222352554       -0.5013044047
        2.5307683478       -0.0067733260       -0.4964014959
        2.5082533114       -1.1288910183       -0.4834242644
        1.2485694379       -2.0371388263       -1.4403010325
        0.1840808576       -2.3814087563       -1.4389812160
       -0.8829035173       -2.7126212785       -1.4297345895
       -1.5500152529       -1.8172154615       -1.4376579895
       -2.2072495161       -0.9126101205       -1.4376620444
       -2.8526822391       -0.0014535076       -1.4297467424
       -2.2079640833        0.9109585937       -1.4389959743
       -1.5515988713        1.8169621391       -1.4403183088
       -0.8857604974        2.7138340734       -1.4337307080
        0.1813601156        2.3836216468       -1.4458544069
        1.2477748805        2.0384714883       -1.4515517245
        2.3242914141        0.5567736212       -1.4515450826
        2.3230084310       -0.5641043211       -1.4458411935
        2.3073006742       -1.6810375145       -1.4337110077
        0.4807662219       -1.4841714667       -2.0440342330
       -0.5915094609       -1.8171408898       -2.0296025031
       -1.2620192309       -0.9169198161       -2.0428167946
       -1.9109815074       -0.0010434533       -2.0296106439
       -1.2629573135        0.9158580383       -2.0440449913
       -0.5938185626        1.8168919123       -2.0320638554
        0.4789932038        1.4829424188       -2.0491765612
        1.5470746859        1.1240064344       -2.0388574186
        1.5583878269       -0.0027167986       -2.0491699017
        1.5444755476       -1.1262173883       -2.0320506627
       -0.2977193378       -0.9127127938       -2.6170660979
       -0.9600306279       -0.0011195248       -2.6170701842
       -0.2989441397        0.9108227003       -2.6183774680
        0.7742679029        0.5625268213       -2.6209041520
        0.7738762171       -0.5657878160       -2.6183708490
       -0.0021809244       -0.0015988371       -3.1907588829
