        0.0000000000        0.0000000000        0.0000056066
       -0.0000021856        0.0000030601        1.0369104984
        0.2865924936       -0.8820426134        0.4637267786
       -0.7503124011       -0.5451317999        0.4637235988
       -0.7503124105        0.5451345240        0.4637203812
        0.2865924785        0.8820453554        0.4637215725
        0.9274349523        0.0000013765        0.4637255263
       -0.2865924785       -0.8820453554       -0.4637103593
       -0.9274349523       -0.0000013765       -0.4637143131
       -0.2865924937        0.8820426134       -0.4637155654
        0.7503124010        0.5451317999       -0.4637123855
        0.7503124104       -0.5451345240       -0.4637091680
        0.0000021856       -0.0000030601       -1.0368992852
       -0.0000044339        0.0000062080        2.1035662621
        0.2929916865       -0.9017410884        1.5341501638
       -0.7670738681       -0.5573049205        1.5341469129
       -0.7670738777        0.5573139623        1.5341436235
        0.2929916710        0.9017501485        1.5341448414
        0.9481482200        0.0000045357        1.5341488835
        1.2411443753       -0.9017428095        0.9481623375
        0.5814078982       -1.7893927907        0.9407530370
       -0.4740777128       -1.4590522657        0.9481603669
       -1.5221527631       -1.1059045196        0.9407465860
       -1.5341432770        0.0000027850        0.9481538266
       -1.5221527822        1.1059100460        0.9407400586
       -0.4740777379        1.4590578539        0.9481517551
        0.5814078674        1.7893983533        0.9407424754
        1.2411443598        0.9017484273        0.9481570151
        1.8814798653        0.0000027925        0.9407504964
        1.0600655642       -1.4590550506        0.0000121469
        0.0000000155       -1.8034912368        0.0000109290
       -1.0600655391       -1.4590550689        0.0000076781
       -1.7152220881       -0.5573094561        0.0000036360
       -1.7152220977        0.5573094266        0.0000003466
       -1.0600655642        1.4590550507       -0.0000009337
       -0.0000000155        1.8034912368        0.0000002842
        1.0600655391        1.4590550689        0.0000035351
        1.7152220880        0.5573094562        0.0000075772
        1.7152220976       -0.5573094266        0.0000108666
        0.4740777379       -1.4590578538       -0.9481405419
       -0.5814078674       -1.7893983533       -0.9407312621
       -1.2411443598       -0.9017484272       -0.9481458019
       -1.8814798653       -0.0000027925       -0.9407392832
       -1.2411443753        0.9017428096       -0.9481511243
       -0.5814078982        1.7893927907       -0.9407418238
        0.4740777127        1.4590522657       -0.9481491537
        1.5221527631        1.1059045197       -0.9407353728
        1.5341432769       -0.0000027849       -0.9481426134
        1.5221527822       -1.1059100460       -0.9407288454
       -0.2929916710       -0.9017501484       -1.5341336282
       -0.9481482200       -0.0000045357       -1.5341376703
       -0.2929916866        0.9017410884       -1.5341389506
        0.7670738681        0.5573049205       -1.5341356997
        0.7670738776       -0.5573139623       -1.5341324103
        0.0000044338       -0.0000062079       -2.1035550488
        0.2970667388       -0.9142866614        2.6235696867
       -0.7777508010       -0.5650572831        2.6235663906
       -0.7777508108        0.5650727548        2.6235630554
        0.2970667230        0.9143021517        2.6235642902
        0.9613405004        0.0000077509        2.6235683886
        1.2652330765       -0.9192427147        2.0472080769
        0.5922753349       -1.8228431835        2.0331583026
       -0.4832819790       -1.4873697121        2.0472060681
       -1.5506124116       -1.1265767682        2.0331517310
       -1.5639237290        0.0000060282        2.0471994008
       -1.5506124310        1.1265887418        2.0331450815
       -0.4832820046        1.4873817870        2.0471972891
        0.5922753035        1.8228551940        2.0331475435
        1.2652330607        0.9192548198        2.0472026512
        1.9166527770        0.0000060167        2.0331557145
        2.2137262980       -0.9142901407        1.4390145173
        1.5536226176       -1.8228449286        1.4390158072
       -0.1854686838       -2.3879099625        1.4390138092
       -1.2535388906       -2.0408729256        1.4390105338
       -2.3283564402       -0.5615135094        1.4390039024
       -2.3283564498        0.5615219627        1.4390005882
       -1.2535389258        2.0408813975        1.4389984878
       -0.1854687250        2.3879184528        1.4389997149
        1.5536225862        1.8228534489        1.4390050481
        2.2137262823        0.9142986724        1.4390091208
        2.0471960848       -1.4873743057        0.4832919879
        1.3700238944       -2.3879127862        0.4776710575
        0.2952063606       -2.7371421830        0.4776698227
       -0.7819607049       -2.4066230973        0.4832887375
       -1.8476813860       -2.0408757678        0.4776632511
       -2.5119551633       -1.1265813670        0.4776591528
       -2.5304757860        0.0000014044        0.4832779496
       -2.5119551827        1.1265841430        0.4776525033
       -1.8476814211        2.0408785553        0.4776512052
       -0.7819607463        2.4066259363        0.4832745328
        0.2952063135        2.7371450075        0.4776536671
        1.3700238533        2.3879156291        0.4776569633
        2.0471960592        1.4873771935        0.4832832089
        2.6944013267        0.5650664518        0.4776651343
        2.6944013365       -0.5650635861        0.4776684695
        1.8476814211       -2.0408785552       -0.4776399920
        0.7819607463       -2.4066259363       -0.4832633196
       -0.2952063135       -2.7371450074       -0.4776424539
       -1.3700238533       -2.3879156291       -0.4776457500
       -2.0471960592       -1.4873771934       -0.4832719957
       -2.6944013268       -0.5650664518       -0.4776539211
       -2.6944013365        0.5650635861       -0.4776572563
       -2.0471960848        1.4873743057       -0.4832807747
       -1.3700238944        2.3879127863       -0.4776598443
       -0.2952063606        2.7371421831       -0.4776586095
        0.7819607049        2.4066230974       -0.4832775243
        1.8476813859        2.0408757678       -0.4776520379
        2.5119551633        1.1265813670       -0.4776479396
        2.5304757860       -0.0000014044       -0.4832667364
        2.5119551827       -1.1265841430       -0.4776412901
        1.2535389257       -2.0408813974       -1.4389872746
        0.1854687249       -2.3879184528       -1.4389885017
       -1.5536225862       -1.8228534488       -1.4389938349
       -2.2137262823       -0.9142986723       -1.4389979076
       -2.2137262981        0.9142901407       -1.4390033041
       -1.5536226176        1.8228449286       -1.4390045940
        0.1854686838        2.3879099626       -1.4390025960
        1.2535388906        2.0408729256       -1.4389993205
        2.3283564401        0.5615135094       -1.4389926892
        2.3283564498       -0.5615219627       -1.4389893750
        0.4832820046       -1.4873817870       -2.0471860759
       -0.5922753036       -1.8228551940       -2.0331363303
       -1.2652330607       -0.9192548198       -2.0471914380
       -1.9166527770       -0.0000060167       -2.0331445013
       -1.2652330766        0.9192427148       -2.0471968637
       -0.5922753350        1.8228431835       -2.0331470894
        0.4832819790        1.4873697121       -2.0471948549
        1.5506124116        1.1265767682       -2.0331405178
        1.5639237289       -0.0000060281       -2.0471881876
        1.5506124310       -1.1265887418       -2.0331338683
       -0.2970667231       -0.9143021516       -2.6235530770
       -0.9613405004       -0.0000077508       -2.6235571754
       -0.2970667388        0.9142866614       -2.6235584735
        0.7777508010        0.5650572831       -2.6235551774
        0.7777508107       -0.5650727548       -2.6235518422
