        0.0002900282       -0.0008926203        0.0015186273
        0.0000888706       -0.0002771851        1.0378139950
        0.2868030395       -0.8826906093        0.4643912981
       -0.7504309592       -0.5455708593        0.4643343606
       -0.7502592167        0.5447399536        0.4643518373
        0.2867813651        0.8816948743        0.4643530287
        0.9277889393       -0.0002841437        0.4643362887
       -0.2865383782       -0.8824427155       -0.4630807161
       -0.9272673904       -0.0004777960       -0.4629029983
       -0.2859939142        0.8802003700       -0.4622060369
        0.7504568713        0.5446478775       -0.4629010707
        0.7505022036       -0.5454877948       -0.4630795247
        0.0001532574       -0.0004680199       -1.0344947502
       -0.0000194339        0.0000523713        2.1041514874
        0.2930793106       -0.9020107691        1.5346033688
       -0.7672252397       -0.5574085129        1.5345321288
       -0.7671213991        0.5574205534        1.5344000141
        0.2929674635        0.9018643147        1.5344012320
        0.9483315715        0.0000097014        1.5345340997
        1.2414126058       -0.9019988738        0.9483777974
        0.5815779074       -1.7899160260        0.9409682475
       -0.4741442054       -1.4594170881        0.9483758265
       -1.5224565110       -1.1060813267        0.9408611842
       -1.5343086217       -0.0000085213        0.9481882303
       -1.5221682508        1.1061258835        0.9404979331
       -0.4741186162        1.4591836653        0.9478609911
        0.5812935162        1.7895820619        0.9405003497
        1.2412847720        0.9018364675        0.9481914191
        1.8818295268        0.0000382910        0.9408650953
        1.0601656743       -1.4593234940        0.0000199046
        0.0000768117       -1.8037672553        0.0000186867
       -1.0602017838       -1.4591559354       -0.0000161176
       -1.7152338803       -0.5573347151        0.0000310031
       -1.7149583219        0.5575278803       -0.0001679972
       -1.0597901638        1.4584815953        0.0000586203
        0.0001142493        1.8028654254        0.0000598380
        1.0597237365        1.4590767582       -0.0001648094
        1.7152464750        0.5572959525        0.0000349443
        1.7153916099       -0.5573109466       -0.0000129287
        0.4740172045       -1.4588715506       -0.9483919961
       -0.5813947687       -1.7892704368       -0.9410305218
       -1.2408691021       -0.9015653110       -0.9483371091
       -1.8810382939        0.0002378124       -0.9408943576
       -1.2405284537        0.9011271655       -0.9479591324
       -0.5794402048        1.7833368430       -0.9378779173
        0.4739412878        1.4581921694       -0.9479571626
        1.5216541006        1.1058396240       -0.9408904483
        1.5338129562       -0.0000164330       -0.9483339213
        1.5220669983       -1.1058142584       -0.9410281051
       -0.2929802270       -0.9015112313       -1.5335461666
       -0.9478246532        0.0002795939       -1.5333609745
       -0.2927881691        0.9011147223       -1.5330789120
        0.7666450882        0.5573445978       -1.5333590047
        0.7669241861       -0.5571274013       -1.5335449488
       -0.0000824550        0.0002611837       -2.0965820182
        0.2970926688       -0.9143664667        2.6238725054
       -0.7779809286       -0.5649721971        2.6238014888
       -0.7779430229        0.5654697239        2.6236108746
        0.2969888933        0.9147362858        2.6236121096
        0.9614766648        0.0002118523        2.6238034872
        1.2654544192       -0.9193137054        2.0474223869
        0.5923489846       -1.8230698544        2.0333656829
       -0.4834193221       -1.4875572468        2.0474203777
       -1.5508948482       -1.1265367261        2.0332237779
       -1.5641868239        0.0002431703        2.0471850399
       -1.5507034840        1.1270604851        2.0327905410
       -0.4834488096        1.4878951615        2.0468211531
        0.5920716839        1.8232903622        2.0327930028
        1.2653065204        0.9196013152        2.0471882907
        1.9168577367        0.0002044234        2.0332277620
        2.2140087838       -0.9143303339        1.4389315142
        1.5538933036       -1.8230548412        1.4389818652
       -0.1855642898       -2.3882388906        1.4389798667
       -1.2537438012       -2.0410714835        1.4389275302
       -2.3286539045       -0.5612707564        1.4387253395
       -2.3285034467        0.5619107128        1.4384818318
       -1.2535846749        2.0414133485        1.4379088406
       -0.1857443838        2.3883757017        1.4379100674
        1.5535130086        1.8232543572        1.4384862918
        2.2138242500        0.9146699089        1.4387305583
        2.0474043472       -1.4874426894        0.4830080246
        1.3701562365       -2.3881254931        0.4772985372
        0.2952243204       -2.7373920550        0.4772973022
       -0.7820889971       -2.4068008343        0.4830047738
       -1.8479099349       -2.0408451141        0.4772468588
       -2.5121226790       -1.1263477826        0.4772103353
       -2.5304614715        0.0004680213        0.4827312386
       -2.5115773372        1.1272696225        0.4766849532
       -1.8472954682        2.0411853941        0.4764484802
       -0.7819813825        2.4066894541        0.4814902448
        0.2947137181        2.7371663887        0.4764509411
        1.3693152571        2.3882481023        0.4766894119
        2.0469102091        1.4877462809        0.4827364975
        2.6943995532        0.5653538891        0.4772163170
        2.6945682196       -0.5649044487        0.4772520777
        1.8475945876       -2.0408028169       -0.4782281026
        0.7819329342       -2.4065403372       -0.4839174388
       -0.2951805803       -2.7370326940       -0.4782305644
       -1.3701270201       -2.3876617736       -0.4782521656
       -2.0471348151       -1.4870550107       -0.4839125650
       -2.6941299393       -0.5645946067       -0.4782499331
       -2.6937282424        0.5658548518       -0.4784986715
       -2.0459718379        1.4880135538       -0.4844630486
       -1.3690310190        2.3863421969       -0.4781355235
       -0.2950864435        2.7352879524       -0.4781342896
        0.7805945301        2.4064206664       -0.4844598012
        1.8466717488        2.0411202810       -0.4784934551
        2.5114582638        1.1268035806       -0.4782439524
        2.5302368656        0.0002232489       -0.4839073061
        2.5118894351       -1.1263181292       -0.4782477056
        1.2531962219       -2.0402178060       -1.4399428336
        0.1853559309       -2.3871801592       -1.4399440604
       -1.5532712787       -1.8220862938       -1.4399083094
       -2.2130406723       -0.9135459264       -1.4398643543
       -2.2125308261        0.9147544914       -1.4396959117
       -1.5521262885        1.8213801118       -1.4388721881
       -0.8827985763        2.7169796196       -1.4293789297
        0.1851191257        2.3858453806       -1.4388701922
        1.2522987964        2.0405459129       -1.4396919310
        2.3273593188        0.5617195028       -1.4398591379
        2.3276213156       -0.5611078140       -1.4399038507
        0.4827996214       -1.4858971614       -2.0480468789
       -0.5921430562       -1.8217675314       -2.0338316491
       -1.2642313342       -0.9179307257       -2.0479286754
       -1.9156148975        0.0009433523       -2.0335219274
       -1.2637822423        0.9197190033       -2.0472099843
       -0.5917392586        1.8211933070       -2.0322816171
        0.4818282740        1.4869022587       -2.0472079788
        1.5492147251        1.1267347738       -2.0335179467
        1.5623350337        0.0004763869       -2.0479254280
        1.5498661301       -1.1257865368       -2.0338291882
       -0.2970090011       -0.9129946411       -2.6221584675
       -0.9606358427        0.0009639404       -2.6218414425
       -0.2970657258        0.9142835366       -2.6216228851
        0.7766095715        0.5654292093       -2.6218394466
        0.7769355744       -0.5640488856       -2.6221572337
       -0.0002602936        0.0008123966       -3.1944381316
