       -0.0004698868       -0.0014461442        0.0019904581
       -0.0001517758       -0.0004573198        1.0381147644
        0.2866021642       -0.8829931462        0.4646125264
       -0.7508789387       -0.5458951112        0.4646093448
       -0.7506080220        0.5446393802        0.4645726458
        0.2863786774        0.8813873517        0.4646085801
        0.9273830641       -0.0005729578        0.4645777916
       -0.2868207263       -0.8827478231       -0.4629928209
       -0.9276393065       -0.0006525166       -0.4628200887
       -0.2863963426        0.8799002680       -0.4619404387
        0.7488944626        0.5435139039       -0.4619372638
        0.7500950009       -0.5457814221       -0.4628149436
       -0.0002477886       -0.0007723763       -1.0342319168
        0.0000162047        0.0000697342        2.1043398913
        0.2931097978       -0.9020915176        1.5347428727
       -0.7673754026       -0.5575189986        1.5347396205
       -0.7671865411        0.5574650562        1.5345396605
        0.2930183154        0.9018321542        1.5344268033
        0.9483281752        0.0000605521        1.5345449214
        1.2414342981       -0.9020252378        0.9483384423
        0.5816680792       -1.7900664987        0.9410475860
       -0.4742632595       -1.4596233165        0.9485211013
       -1.5227592513       -1.1062966298        0.9410411324
       -1.5345438376       -0.0000552917        0.9483299293
       -1.5222825159        1.1062589143        0.9405724809
       -0.4741407297        1.4592026980        0.9478380246
        0.5814322456        1.7894733770        0.9402534411
        1.2412804602        0.9018285824        0.9478432853
        1.8817898826        0.0002087770        0.9405829200
        1.0602028876       -1.4593136790        0.0000727529
        0.0000781979       -1.8039275042        0.0000252783
       -1.0603852216       -1.4593620622        0.0000220262
       -1.7154852033       -0.5574379742        0.0000642408
       -1.7151021434        0.5575871895       -0.0001736253
       -1.0597627819        1.4585158162        0.0001099573
        0.0003578844        1.8026631130       -0.0000600794
        1.0592892333        1.4585954708       -0.0000568320
        1.7146601774        0.5570511775        0.0001184655
        1.7152883185       -0.5570142047       -0.0001631054
        0.4739998944       -1.4588673013       -0.9484245694
       -0.5814160564       -1.7894235603       -0.9411419269
       -1.2409693776       -0.9016400227       -0.9484298286
       -1.8811803982        0.0002720960       -0.9410181679
       -1.2405159513        0.9011112339       -0.9480048255
       -0.5791483380        1.7832359662       -0.9378497219
        0.4736460683        1.4577238057       -0.9476171572
        1.5167058339        1.1022516853       -0.9378432946
        1.5332636396       -0.0001443618       -0.9479963192
        1.5220720851       -1.1055116347       -0.9410077312
       -0.2929278850       -0.9015538297       -1.5335447494
       -0.9478332841        0.0003287035       -1.5333644016
       -0.2924892499        0.9010912812       -1.5328933785
        0.7662854343        0.5570745425       -1.5328901316
        0.7670149579       -0.5568592501       -1.5333591427
        0.0001339637        0.0003925116       -2.0964029282
        0.2972884649       -0.9143212757        2.6239518239
       -0.7779505291       -0.5649549587        2.6239485264
       -0.7778362068        0.5656271814        2.6236906301
        0.2972616040        0.9149019333        2.6235184480
        0.9617354703        0.0004060971        2.6236959648
        1.2656786328       -0.9191888087        2.0473422972
        0.5925588661       -1.8230680139        2.0334168307
       -0.4833696935       -1.4876396662        2.0475720236
       -1.5509739466       -1.1265920039        2.0334102572
       -1.5642525071        0.0003115307        2.0473336187
       -1.5506354287        1.1272473958        2.0328410113
       -0.4832595989        1.4880529454        2.0467565377
        0.5924414060        1.8233663981        2.0324459891
        1.2656094336        0.9198109673        2.0467619009
        1.9170585312        0.0005253607        2.0328516456
        2.2142143767       -0.9140241645        1.4385458011
        1.5541692421       -1.8229133262        1.4388400771
       -0.1854901193       -2.3883563652        1.4390393632
       -1.2537839380       -2.0412466723        1.4390360871
       -2.3288388708       -0.5612475467        1.4388281692
       -2.3285949743        0.5620240265        1.4385318698
       -1.2533736385        2.0416219236        1.4377807294
       -0.1854002353        2.3884606171        1.4375613788
        1.5538858609        1.8233323236        1.4375667127
        2.2140278392        0.9149949218        1.4377913628
        2.0476367183       -1.4870159316        0.4827227176
        1.3704358264       -2.3879810172        0.4771911176
        0.2954053896       -2.7374631248        0.4772285528
       -0.7820754614       -2.4069762842        0.4829949162
       -1.8480310462       -2.0410184296        0.4772219796
       -2.5123285258       -1.1263944404        0.4771792104
       -2.5306216159        0.0005503320        0.4827086776
       -2.5115789616        1.1274779223        0.4765958843
       -1.8470616049        2.0414138089        0.4763251919
       -0.7815101689        2.4067709652        0.4812324786
        0.2954649050        2.7369629092        0.4758734633
        1.3697076236        2.3879203017        0.4758767576
        2.0469167916        1.4877593634        0.4812411524
        2.6942145064        0.5658637975        0.4763391185
        2.6946223233       -0.5641193682        0.4766118500
        1.8478496430       -2.0403738742       -0.4783457853
        0.7821452471       -2.4064536544       -0.4840282581
       -0.2950284821       -2.7371044402       -0.4783481782
       -1.3701438732       -2.3877782841       -0.4783514753
       -2.0472440545       -1.4871293689       -0.4840369349
       -2.6942407731       -0.5645592792       -0.4783597144
       -2.6937341030        0.5660407652       -0.4786381921
       -2.0457985219        1.4882073631       -0.4845993952
       -1.3685075413        2.3864690334       -0.4782772850
       -0.2941601930        2.7350934393       -0.4784288621
        0.7816466810        2.4056566141       -0.4850965166
        1.8456308015        2.0398332198       -0.4784223000
        2.5098797945        1.1263046353       -0.4782653912
        2.5298348000        0.0014940176       -0.4845853632
        2.5119897563       -1.1254014002       -0.4786222278
        1.2534325518       -2.0398010596       -1.4400758869
        0.1855911063       -2.3870458763       -1.4401204492
       -1.5532087009       -1.8220755877       -1.4401257815
       -2.2130052113       -0.9134871876       -1.4400865173
       -2.2123032201        0.9149540954       -1.4398939181
       -1.5516041598        1.8215025984       -1.4390320818
       -0.8819558319        2.7169494103       -1.4294872519
        0.1859656298        2.3855494609       -1.4388382593
        1.2517493838        2.0392553374       -1.4388349908
        2.3105079523        1.6796550777       -1.4294774617
        2.3259344717        0.5616139611       -1.4390201907
        2.3275954233       -0.5601483495       -1.4398799957
        0.4831691385       -1.4855026615       -2.0481012543
       -0.5918784372       -1.8216337730       -2.0340164484
       -1.2640372229       -0.9178009180       -2.0481066124
       -1.9153885764        0.0011469111       -2.0337173637
       -1.2632723517        0.9199289410       -2.0472780999
       -0.5907475950        1.8212316010       -2.0321952949
        0.4831283213        1.4868968084       -2.0465495617
        1.5484291743        1.1261709553       -2.0321887347
        1.5627408233        0.0017016256       -2.0472694334
        1.5502673484       -1.1249129262       -2.0337067357
       -0.2965431016       -0.9126905975       -2.6221850738
       -0.9601779674        0.0012841786       -2.6218728304
       -0.2961709615        0.9146200555       -2.6213427661
        0.7772220538        0.5658535332       -2.6213394744
        0.7775696695       -0.5633442392       -2.6218675013
        0.0004231971        0.0012723188       -3.1942279495
