       -0.0012391028       -0.0009002498        0.0024781953
       -0.0004016057       -0.0002871288        1.0384272436
        0.2861990075       -0.8827007606        0.4648621884
       -0.7512353628       -0.5458023659        0.4648403931
       -0.7510599444        0.5449636818        0.4648557888
        0.2861720114        0.8816842599        0.4648390065
        0.9269615939       -0.0002869203        0.4648429600
       -0.2872317015       -0.8824541604       -0.4627196351
       -0.9280212840       -0.0004829802       -0.4627235886
       -0.2866780533        0.8801839413       -0.4618414652
        0.7484800261        0.5438005108       -0.4616610692
        0.7485182608       -0.5446415238       -0.4618350784
       -0.0006667629       -0.0004890664       -1.0339591888
        0.0000409980        0.0000392205        2.1045374793
        0.2931565408       -0.9020765395        1.5347591963
       -0.7674468259       -0.5575758869        1.5348872189
       -0.7673419705        0.5575744117        1.5347526533
        0.2930371194        0.9019069800        1.5345733975
        0.9483114182       -0.0000007014        1.5345774403
        1.2414259119       -0.9020275100        0.9479915705
        0.5818228674       -1.7899818784        0.9407644870
       -0.4742829117       -1.4596565775        0.9484867034
       -1.5228799190       -1.1064328276        0.9411275978
       -1.5347814230       -0.0000056263        0.9484801605
       -1.5225848055        1.1064867434        0.9407515034
       -0.4742615038        1.4594135874        0.9479809852
        0.5815200038        1.7896233804        0.9403312822
        1.2412892589        0.9018537012        0.9478255105
        1.8817285325        0.0000399010        0.9403393041
        1.0597880449       -1.4588319941        0.0001576771
        0.0003303173       -1.8037405072       -0.0001225847
       -1.0603674829       -1.4593982530        0.0000808975
       -1.7156417817       -0.5574905716        0.0000768546
       -1.7153570985        0.5577005902       -0.0001331700
       -1.0599391836        1.4587221868        0.0001445990
        0.0003698238        1.8028122348       -0.0000600796
        1.0593264412        1.4585778333       -0.0000001956
        1.7145398162        0.5567540062        0.0000038469
        1.7146906152       -0.5567478656       -0.0000495027
        0.4737028460       -1.4583825226       -0.9480812864
       -0.5811267940       -1.7893377003       -0.9411176984
       -1.2409733377       -0.9016241738       -0.9484573503
       -1.8813353228        0.0002457791       -0.9411257203
       -1.2406179453        0.9011775778       -0.9480918633
       -0.5791488691        1.7833372405       -0.9379453446
        0.4736328174        1.4577011845       -0.9476555721
        1.5166958434        1.1019398484       -0.9378093623
        1.5327208400       -0.0000083955       -0.9476490378
        1.5170916781       -1.1018902974       -0.9379324114
       -0.2926467893       -0.9015593241       -1.5333526817
       -0.9478601643        0.0002645030       -1.5333567242
       -0.2924465844        0.9011092858       -1.5328890771
        0.7663513668        0.5567799991       -1.5326963100
        0.7666414382       -0.5566002943       -1.5328825428
        0.0003234864        0.0002256302       -2.0962165812
        0.2975538753       -0.9145118388        2.6238482059
       -0.7778500212       -0.5651293687        2.6240347780
       -0.7778144350        0.5656056345        2.6238415712
        0.2974413606        0.9148496496        2.6236034184
        0.9619769710        0.0001948664        2.6236075184
        1.2659741359       -0.9194172645        2.0469164729
        0.5929293985       -1.8231638536        2.0330402484
       -0.4831823412       -1.4878184284        2.0474967901
       -1.5509110254       -1.1267937224        2.0334677951
       -1.5643196950        0.0002394519        2.0474901198
       -1.5507152892        1.1273098850        2.0330270227
       -0.4832190102        1.4881405135        2.0469056809
        0.5926364334        1.8233603763        2.0324989711
        1.2658160741        0.9196784016        2.0467019286
        1.9172448320        0.0001933579        2.0325071435
        2.2144061191       -0.9143597516        1.4376215544
        1.5545467627       -1.8230124882        1.4378934433
       -0.1851321059       -2.3884613005        1.4386532172
       -1.2535638046       -2.0414701313        1.4388978805
       -2.3289321149       -0.5613526580        1.4388912458
       -2.3287767935        0.5620124381        1.4386399915
       -1.2534127031        2.0418120839        1.4378761190
       -0.1853248467        2.3885865038        1.4376067487
        1.5541467912        1.8231951001        1.4374403034
        2.2142132069        0.9146916358        1.4374443758
        2.0476529255       -1.4870197282        0.4812148411
        1.3708770747       -2.3876446705        0.4762936311
        0.2961785508       -2.7372748357        0.4765841620
       -0.7815945116       -2.4070700046        0.4827107608
       -1.8478089299       -2.0412437439        0.4771187248
       -2.5123445403       -1.1265889608        0.4771146248
       -2.5307876577        0.0004877735        0.4826999687
       -2.5117809150        1.1275497364        0.4765668376
       -1.8471627748        2.0416071175        0.4762737767
       -0.7814823428        2.4069508350        0.4811973861
        0.2956560431        2.7370279828        0.4757762314
        1.3699915997        2.3877683816        0.4757539445
        2.0471372352        1.4873344450        0.4809853851
        2.6942513272        0.5650812677        0.4757621148
        2.6944290215       -0.5645997162        0.4757910311
        1.8469030514       -2.0390035876       -0.4784099069
        0.7832398234       -2.4056739664       -0.4847123326
       -0.2941186217       -2.7369182815       -0.4787238307
       -1.3696562731       -2.3878913792       -0.4784658048
       -2.0470985191       -1.4873063303       -0.4841435875
       -2.6942646717       -0.5647243607       -0.4784739772
       -2.6938495874        0.5660279740       -0.4787386364
       -2.0458954449        1.4882965969       -0.4847297876
       -1.3684812204        2.3865931113       -0.4784297449
       -0.2939943123        2.7351447547       -0.4785878745
        0.7818763775        2.4055488420       -0.4852337995
        1.8459072968        2.0393728021       -0.4785620138
        2.5099775382        1.1253585446       -0.4785579167
        2.5294280583        0.0002503472       -0.4852230176
        2.5104300629       -1.1248141826       -0.4785705719
        1.2529087195       -2.0384612412       -1.4392329022
        0.1865054228       -2.3867214887       -1.4400951216
       -1.5527391147       -1.8221723759       -1.4402556446
       -2.2128055304       -0.9136689115       -1.4402597170
       -2.2122675556        0.9149062103       -1.4401099214
       -1.5515156556        1.8214976961       -1.4392502047
       -0.8817635648        2.7169199781       -1.4297109406
        0.1861902580        2.3853949762       -1.4390272439
        1.2520143152        2.0387962461       -1.4389908430
        2.3107321702        1.6788388147       -1.4295824522
        2.3259102808        0.5607052813       -1.4389842173
        2.3261875344       -0.5600585316       -1.4390140407
        2.3114706468       -1.6781897791       -1.4296912393
        0.4844649612       -1.4855093407       -2.0474382632
       -0.5909204395       -1.8217470256       -2.0338897345
       -1.2635480857       -0.9180306181       -2.0481571158
       -1.9151801670        0.0009400884       -2.0338979048
       -1.2630867195        0.9197891542       -2.0474490451
       -0.5904926716        1.8210991273       -2.0323611360
        0.4834766405        1.4864787351       -2.0466079042
        1.5487668619        1.1252359026       -2.0320950795
        1.5631365107        0.0004544365       -2.0466012430
        1.5495046049       -1.1243543806       -2.0323479328
       -0.2956751767       -0.9130771161       -2.6218892321
       -0.9597454180        0.0009371414       -2.6218933293
       -0.2957282575        0.9142901242       -2.6213628118
        0.7778156064        0.5651043782       -2.6210503553
        0.7781677081       -0.5638008406       -2.6213561862
        0.0010727509        0.0007650818       -3.1940080118
