         -0.4308428681        0.3011152165        1.5395345691
          0.8907978174       -0.2122748336       -0.7483531248
         -0.0007070124        0.3915249591       -1.1159393395
         -0.1087424289       -0.7253352304       -0.9277291378
          0.5095512108       -0.9887375564       -0.0113705147
         -0.9327094761       -0.0119091729       -0.6060402871
          0.6843305554        0.8181106238       -0.3158498774
          0.9980943595       -0.0340672328        0.3707603801
         -0.4435631052        0.9423569825       -0.2236674601
         -0.6182734178       -0.8637379285        0.0806931785
          0.0689765876       -0.4413464656        0.8779993659
         -0.8273192340        0.1657103512        0.5084348730
          0.1775943569        0.6815230386        0.6887760023
          0.0328126550       -0.0229327514       -0.1172486273
