        0.0009905540        0.0000000047        0.0016027576
        0.0005496300        0.0000030635        1.0380522335
        0.2867399845       -0.8808455579        0.4639598147
       -0.7488502471       -0.5443095524        0.4637970399
       -0.7488502565        0.5443122770        0.4637938271
        0.2867399693        0.8808483012        0.4639546157
        0.9282143822        0.0000013795        0.4647265887
       -0.2857939052       -0.8805880983       -0.4624238453
       -0.9254628605       -0.0000013725       -0.4623637698
       -0.2857939203        0.8805853639       -0.4624290429
        0.7497292049        0.5443095566       -0.4623748497
        0.7497292143       -0.5443122728       -0.4623716369
        0.0003332066       -0.0000030531       -1.0345345092
       -0.0002408209        0.0000062102        2.1043187214
        0.2927141305       -0.9017704991        1.5342950375
       -0.7668977725       -0.5571420947        1.5341345358
       -0.7668977821        0.5571511365        1.5341312474
        0.2927141150        0.9017795601        1.5342897149
        0.9484541268        0.0000045371        1.5346382469
        1.2414030965       -0.9017722213        0.9479757752
        0.5794805238       -1.7842938968        0.9376288434
       -0.4739473379       -1.4587509459        0.9475751552
       -1.5174655149       -1.1024855423        0.9375566419
       -1.5336337684        0.0000027832        0.9475550889
       -1.5174655339        1.1024910499        0.9375501346
       -0.4739473630        1.4587565306        0.9475665451
        0.5794804931        1.7842994409        0.9376183119
        1.2414030809        0.9017778379        0.9479704526
        1.8822636151        0.0000027929        0.9408724795
        1.0594888457       -1.4587537295       -0.0001360591
        0.0000242026       -1.8026711332        0.0000444557
       -1.0595250014       -1.4582306661        0.0000107548
       -1.7141410612       -0.5570413905        0.0000601560
       -1.7141410708        0.5570413613        0.0000568681
       -1.0595250265        1.4582306478        0.0000021478
        0.0000241716        1.8026711334        0.0000338158
        1.0594888205        1.4587537470       -0.0001446692
        1.7151372798        0.5571466309        0.0001564477
        1.7151372894       -0.5571466004        0.0001597362
        0.4738437687       -1.4582334496       -0.9476587960
       -0.5795075412       -1.7834576357       -0.9376620793
       -1.2402486056       -0.9011617792       -0.9474778735
       -1.8750500453       -0.0000027830       -0.9375494008
       -1.2402486211        0.9011561655       -0.9474831924
       -0.5795075719        1.7834520913       -0.9376726059
        0.4738437436        1.4582278643       -0.9476674029
        1.5172084012        1.1024855411       -0.9379726624
        1.5333849044       -0.0000027844       -0.9479577611
        1.5172084202       -1.1024910512       -0.9379661551
       -0.2927898396       -0.9011634991       -1.5330368340
       -0.9474159511       -0.0000045322       -1.5329584355
       -0.2927898551        0.9011544455       -1.5330421530
        0.7666459824        0.5570368580       -1.5331466233
        0.7666459920       -0.5570458939       -1.5331433355
       -0.0000129670       -0.0000061868       -2.0963805835
        0.2963680436       -0.9152935496        2.6230379101
       -0.7788044987       -0.5654643171        2.6228050902
       -0.7788045084        0.5654797843        2.6228017526
        0.2963680278        0.9153090367        2.6230325077
        0.9612001805        0.0000077504        2.6233948456
        1.2648919553       -0.9206255981        2.0466505260
        0.5911323380       -1.8225559568        2.0314685071
       -0.4840921630       -1.4884153894        2.0458849684
       -1.5500719151       -1.1259649773        2.0312776379
       -1.5650326570        0.0000060241        2.0458151018
       -1.5500719345        1.1259769399        2.0312709920
       -0.4840921886        1.4884274566        2.0458761832
        0.5911323066        1.8225679573        2.0314577498
        1.2648919395        0.9206376999        2.0466450922
        1.9165653239        0.0000060161        2.0329494982
        2.2135681442       -0.9152970299        1.4381486692
        1.5526274053       -1.8225577022        1.4372346763
        0.8822571485       -2.7180522218        1.4275367648
       -0.1862962920       -2.3869765894        1.4370417314
       -1.2528190235       -2.0401189965        1.4370392905
       -2.3117332890       -1.6793824495        1.4275117732
       -2.3273631500       -0.5607826973        1.4370448187
       -2.3273631596        0.5607911391        1.4370415087
       -2.3117333179        1.6793908353        1.4275018609
       -1.2528190586        2.0401274568        1.4370272490
       -0.1862963331        2.3869850680        1.4370276426
        0.8822571017        2.7180606627        1.4275207219
        1.5526273739        1.8225662119        1.4372239189
        2.2135681285        0.9153055564        1.4381432668
        2.0463818001       -1.4884199830        0.4819734225
        1.3686351560       -2.3869794121        0.4760457757
        0.2943201929       -2.7355736948        0.4762303553
       -0.7820443967       -2.4061112991        0.4825076402
       -1.8463829580       -2.0394971295        0.4762705270
       -2.5102714859       -1.1255445308        0.4762999186
       -2.5298252174        0.0000014023        0.4825584826
       -2.5102715053        1.1255472989        0.4762932752
       -1.8463829931        2.0394999087        0.4762584892
       -0.7820444381        2.4061141336        0.4824934385
        0.2943201458        2.7355765107        0.4762142090
        1.3686351149        2.3869822454        0.4760316869
        2.0463817744        1.4884228630        0.4819646373
        2.6941966459        0.5654734798        0.4763791127
        2.6941966556       -0.5654706216        0.4763824503
        1.8456013709       -2.0401246211       -0.4778807993
        0.7813045576       -2.4061141371       -0.4836905960
       -0.2949985960       -2.7350486269       -0.4773119712
       -1.3693381200       -2.3857791215       -0.4772707307
       -2.0464788055       -1.4867664082       -0.4834024368
       -2.6920768222       -0.5648484604       -0.4771768058
       -2.6920768320        0.5648455975       -0.4771801398
       -2.0464788311        1.4867635198       -0.4834112122
       -1.3693381611        2.3857762809       -0.4772848123
       -0.2949986431        2.7350458045       -0.4773281144
        0.7813045161        2.4061112956       -0.4837047977
        1.8456013357        2.0401218322       -0.4778928408
        2.5100422238        1.1259695695       -0.4780057294
        2.5297385805       -0.0000014092       -0.4848807716
        2.5100422432       -1.1259723476       -0.4779990835
        1.2517175768       -2.0395027535       -1.4384518796
        0.1855025002       -2.3857819440       -1.4382105520
       -0.8829413705       -2.7166130436       -1.4286279015
       -1.5526584053       -1.8208240983       -1.4380096063
       -2.2115051550       -0.9138470843       -1.4379501164
       -2.8563722741       -0.0000042402       -1.4284661593
       -2.2115051707        0.9138385589       -1.4379555102
       -1.5526584366        1.8208155839       -1.4380203534
       -0.8829414173        2.7166045961       -1.4286439359
        0.1855024591        2.3857734584       -1.4382246336
        1.2517175417        2.0394942847       -1.4384639175
        2.3106454857        1.6793824443       -1.4292718842
        2.3261649861        0.5607826916       -1.4389834977
        2.3261649957       -0.5607911449       -1.4389801878
        2.3106455146       -1.6793908405       -1.4292619719
        0.4828495827       -1.4867709997       -2.0466059818
       -0.5918211630       -1.8208258425       -2.0318368809
       -1.2647248362       -0.9188027255       -2.0463747175
       -1.9145315420       -0.0000060124       -2.0316949492
       -1.2647248520        0.9187906253       -2.0463801406
       -0.5918211944        1.8208138397       -2.0318476280
        0.4828495571        1.4867589283       -2.0466147572
        1.5486487258        1.1255399307       -2.0322455621
        1.5629942886       -0.0000060274       -2.0469311600
        1.5486487452       -1.1255518990       -2.0322389187
       -0.2971178630       -0.9138505595       -2.6211009542
       -0.9609876227       -0.0000077433       -2.6210147235
       -0.2971178787        0.9138350837       -2.6211063480
        0.7771430014        0.5648392998       -2.6212658058
        0.7771430112       -0.5648547580       -2.6212624719
       -0.0002369965       -0.0000094250       -3.1936465177
