       -0.0000000023        0.0000000033        0.0011087579
       -0.0000021874        0.0000030627        1.0377783569
        0.2861995380       -0.8808332203        0.4636996653
       -0.7492836297       -0.5443843539        0.4636964898
       -0.7492836391        0.5443870778        0.4636932766
        0.2861995229        0.8808359622        0.4636944663
        0.9261633211        0.0000013764        0.4636984147
       -0.2861588548       -0.8807107889       -0.4626456538
       -0.9260317116       -0.0000013733       -0.4626496016
       -0.2861588700        0.8807080532       -0.4626508520
        0.7491771514        0.5443069975       -0.4626476770
        0.7491771608       -0.5443097153       -0.4626444643
        0.0000021812       -0.0000030540       -1.0348401006
       -0.0000044351        0.0000062097        2.1041488091
        0.2929321394       -0.9015578210        1.5341284932
       -0.7669179715       -0.5571916551        1.5341252430
       -0.7669179811        0.5572006968        1.5341219542
        0.2929321239        0.9015668810        1.5341231719
        0.9479555213        0.0000045356        1.5341272132
        1.2408639406       -0.9015390626        0.9476303282
        0.5796572978       -1.7840049857        0.9376408437
       -0.4739705947       -1.4587225952        0.9476283581
       -1.5175696081       -1.1025746765        0.9376344122
       -1.5337966381        0.0000027834        0.9476218193
       -1.5175696271        1.1025801845        0.9376279044
       -0.4739706198        1.4587281802        0.9476197482
        0.5796572670        1.7840105299        0.9376303139
        1.2408639251        0.9015446771        0.9476250070
        1.8758147887        0.0000027833        0.9376383108
        1.0595454477       -1.4584264841        0.0000146000
        0.0000513364       -1.8026769990        0.0000133827
       -1.0596284616       -1.4583661710        0.0000101330
       -1.7144318429       -0.5571066519        0.0000060931
       -1.7144318525        0.5571066224        0.0000028049
       -1.0596284867        1.4583661528        0.0000015253
        0.0000513053        1.8026769990        0.0000027427
        1.0595454226        1.4584265024        0.0000059919
        1.7144635609        0.5570090338        0.0000100325
        1.7144635705       -0.5570090042        0.0000133202
        0.4738243078       -1.4582778782       -0.9476258474
       -0.5795246920       -1.7836025066       -0.9377144702
       -1.2404808753       -0.9012663752       -0.9476311046
       -1.8753857672       -0.0000027835       -0.9377224653
       -1.2404808908        0.9012607606       -0.9476364242
       -0.5795247227        1.7835969619       -0.9377249976
        0.4738242827        1.4582722932       -0.9476344546
        1.5172225227        1.1023225038       -0.9377185676
        1.5333231626       -0.0000027834       -0.9476279178
        1.5172225417       -1.1023280124       -0.9377120613
       -0.2928284553       -0.9012478131       -1.5331766498
       -0.9476200384       -0.0000045328       -1.5331806896
       -0.2928284708        0.9012387587       -1.5331819692
        0.7666465565        0.5569944648       -1.5331787201
        0.7666465661       -0.5570035009       -1.5331754325
        0.0000044190       -0.0000061872       -2.0965346304
        0.2972879309       -0.9149674178        2.6228042587
       -0.7783298835       -0.5654780145        2.6228009601
       -0.7783298932        0.5654934818        2.6227976224
        0.2972879151        0.9149829036        2.6227988582
        0.9620562893        0.0000077486        2.6228029596
        1.2659971520       -0.9197978498        2.0459637869
        0.5919818532       -1.8219399335        2.0314253605
       -0.4835738262       -1.4882679372        2.0459617768
       -1.5498440534       -1.1260185310        2.0314187922
       -1.5648681723        0.0000060245        2.0459551055
       -1.5498440727        1.1260304944        2.0314121460
       -0.4835738518        1.4882800048        2.0459529925
        0.5919818218        1.8219519338        2.0314146067
        1.2659971361        0.9198099475        2.0459583579
        1.9157030421        0.0000060116        2.0314227737
        2.2125042822       -0.9142507358        1.4372312771
        1.5532075152       -1.8216949026        1.4372325655
        0.8829518107       -2.7174512205        1.4277052142
       -0.1858088237       -2.3867355797        1.4372305676
       -1.2525734169       -2.0401227623        1.4372272962
       -2.3116086628       -1.6794756323        1.4276954175
       -2.3273446371       -0.5608271130        1.4372206651
       -2.3273446468        0.5608355558        1.4372173549
       -2.3116086917        1.6794840192        1.4276855047
       -1.2525734521        2.0401312237        1.4372152546
       -0.1858088648        2.3867440595        1.4372164802
        0.8829517639        2.7174596625        1.4276891749
        1.5532074839        1.8217034123        1.4372218132
        2.2125042665        0.9142592570        1.4372258809
        2.8572987335        0.0000042380        1.4277013560
        2.0468023233       -1.4870882221        0.4826580993
        1.3692787927       -2.3862256916        0.4764137312
        0.2948175138       -2.7353393342        0.4764124968
       -0.7818102995       -2.4061602032        0.4826548496
       -1.8463071074       -2.0396457931        0.4764059306
       -2.5103607070       -1.1256544408        0.4764018336
       -2.5299890670        0.0000014026        0.4826440638
       -2.5103607264        1.1256572094        0.4763951896
       -1.8463071425        2.0396485731        0.4763938920
       -0.7818103410        2.4061630385        0.4826406476
        0.2948174667        2.7353421512        0.4763963519
        1.3692787516        2.3862285271        0.4763996469
        2.0468022977        1.4870911061        0.4826493220
        2.6925665536        0.5648791538        0.4764078112
        2.6925665633       -0.5648762955        0.4764111453
        1.8460618861       -2.0395094392       -0.4771887107
        0.7817246906       -2.4058994310       -0.4833910663
       -0.2947008293       -2.7350854308       -0.4771911702
       -1.3692222124       -2.3859522796       -0.4771944654
       -2.0465780562       -1.4869281886       -0.4833997398
       -2.6922863517       -0.5649107516       -0.4772026283
       -2.6922863614        0.5649078886       -0.4772059626
       -2.0465780819        1.4869253001       -0.4834085162
       -1.3692222535        2.3859494395       -0.4772085481
       -0.2947008764        2.7350826091       -0.4772073136
        0.7817246491        2.4058965912       -0.4834052667
        1.8460618509        2.0395066544       -0.4772007485
        2.5101525933        1.1254641796       -0.4771966513
        2.5297118929       -0.0000014048       -0.4833944822
        2.5101526127       -1.1254669529       -0.4771900084
        1.2520749686       -2.0393812895       -1.4380560441
        0.1857713478       -2.3858443482       -1.4380572692
       -0.8827238460       -2.7167582114       -1.4285580906
       -1.5526482903       -1.8209975840       -1.4380626004
       -2.2116601800       -0.9139455502       -1.4380666663
       -2.8565611797       -0.0000042406       -1.4285702686
       -2.2116601957        0.9139370241       -1.4380720607
       -1.5526483217        1.8209890693       -1.4380733485
       -0.8827238928        2.7167497643       -1.4285741258
        0.1857713067        2.3858358635       -1.4380713512
        1.2520749335        2.0393728231       -1.4380680812
        2.3110119725        1.6790421075       -1.4285643317
        2.3264773663        0.5605847661       -1.4380614525
        2.3264773760       -0.5605932139       -1.4380581437
        2.3110120014       -1.6790504996       -1.4285544214
        0.4830963628       -1.4868104428       -2.0465266781
       -0.5916595146       -1.8209599783       -2.0318669189
       -1.2647470493       -0.9189017089       -2.0465320382
       -1.9146600359       -0.0000060129       -2.0318750815
       -1.2647470652        0.9188896077       -2.0465374618
       -0.5916595459        1.8209479753       -2.0318776668
        0.4830963372        1.4867983718       -2.0465354537
        1.5490002454        1.1254054665       -2.0318711021
        1.5633229827       -0.0000060262       -2.0465287890
        1.5490002647       -1.1254174326       -2.0318644595
       -0.2969411878       -0.9139157715       -2.6211792395
       -0.9609342487       -0.0000077438       -2.6211833361
       -0.2969412036        0.9139002953       -2.6211846337
        0.7774221274        0.5648184984       -2.6211813389
        0.7774221371       -0.5648339561       -2.6211780051
        0.0000067316       -0.0000094251       -3.1936822386
