    0.010841391688923  -0.000000063535017  -0.021693352060130
    0.012232383673668   0.000002976568333   1.013452050148485
    0.297204142071841  -0.880867952538173   0.441583340222167
   -0.738157747259112  -0.544591815186591   0.441189913305278
   -0.738157764880694   0.544594382721566   0.441186714513987
    0.297204113569259   0.880870555879782   0.441578166236481
    0.937275532105944   0.000001311070477   0.441255293671775
   -0.275857838362653  -0.880962620981603  -0.484332744746422
   -0.915916430773891  -0.000001436449690  -0.484064491673706
   -0.275857866868210   0.880959767201971  -0.484337919272138
    0.759732359971277   0.544465757823340  -0.484830174207822
    0.759732377588785  -0.544468580991207  -0.484826976156207
    0.009971368737016  -0.000003103879870  -1.056923856070209
    0.013079135993713   0.000006092544697   2.074435158652301
    0.304703314375886  -0.901503600586050   1.512200042626371
   -0.753550017071747  -0.557707367967640   1.510102864762629
   -0.753550035117814   0.557716213507398   1.510099588915721
    0.304703285205487   0.901512492680387   1.512194747414049
    0.959674392097831   0.000004456357025   1.512099772540218
    1.251735424499502  -0.901313527958510   0.926001870491103
    0.590674045831871  -1.783766490493754   0.916382498718049
   -0.462546178567071  -1.458606394898221   0.926347769552011
   -1.505953390332638  -1.101295333301973   0.918983512420376
   -1.522823613319036   0.000002686391478   0.923103388875341
   -1.505953425967708   1.101300682412776   0.918977043696327
   -0.462546225763776   1.458611821020374   0.926339202080040
    0.590673988113852   1.783771892156417   0.916372021344455
    1.251735395335309   0.901319007528147   0.925996576405238
    1.886682815860938   0.000002720292538   0.915864301505326
    1.070194184501591  -1.458486461599359  -0.021737251632728
    0.010408297664268  -1.802774893066149  -0.021112668816411
   -1.049312714322402  -1.458463530371965  -0.020300957797779
   -1.704088212695688  -0.557487149004374  -0.020817764450207
   -1.704088230734484   0.557486971577133  -0.020821038977109
   -1.049312761514394   1.458463377151554  -0.020309524414217
    0.010408239331277   1.802774769361778  -0.021123257823948
    1.070194137308856   1.458486368524146  -0.021745818384035
    1.725127989803343   0.557113274086040  -0.022087373630044
    1.725128007830045  -0.557113347991090  -0.022084101298443
    0.483858523703791  -1.458536157175866  -0.969159260574049
   -0.569800536399256  -1.783892969899288  -0.958384704051913
   -1.230703040308816  -0.901513179982831  -0.968190229351704
   -1.865718046327497  -0.000002843538689  -0.957945020714478
   -1.230703069479288   0.901507453259735  -0.968195524577359
   -0.569800594121189   1.783887322140996  -0.958395182135961
    0.483858476509538   1.458530480229981  -0.969167827600855
    1.527423093579959   1.102504168429953  -0.959808836505598
    1.543566982955630  -0.000002823166973  -0.969789620850300
    1.527423129254147  -1.102509756642848  -0.959802360680480
   -0.283287602852421  -0.901435719925237  -1.554538468726885
   -0.938172388876612  -0.000004579722916  -1.554224222953764
   -0.283287632020332   0.901426579808389  -1.554543763487537
    0.776400230169081   0.557123426454483  -1.555149001557034
    0.776400248196259  -0.557132535843598  -1.555145729139265
    0.009276963666317  -0.000006220745511  -2.118210602007024
    0.001670450682108   0.000009316368587   3.172207787695304
    0.309879420113396  -0.913766580313061   2.600628238653652
   -0.759799117791487  -0.568213928268263   2.594099700557145
   -0.759799136177622   0.568229140707321   2.594096362978870
    0.309879390546097   0.913781865704957   2.600622871393156
    0.971000316435269   0.000007655909564   2.601482782521195
    1.276655755512791  -0.918764814377399   2.025204431303417
    0.603508268144840  -1.821108396442485   2.010664190317249
   -0.471129516945350  -1.487489892124067   2.025082055854408
   -1.538082781258336  -1.119804362770093   2.015999463722054
   -1.547901186160703   0.000005887787268   2.013314565024156
   -1.538082817492413   1.119816154413371   2.015992886262094
   -0.471129565076753   1.487501771633437   2.025073318709700
    0.603508209218433   1.821120226031906   2.010653493588610
    1.276655725783816   0.918776751169055   2.025199034694491
    1.926186775383520   0.000005936039087   2.010606132334984
    2.223087010115561  -0.913939293361309   1.415893891069293
    1.564047233972892  -1.821025920655695   1.416143176450787
    0.894057245746144  -2.716853250356931   1.406885191475463
   -0.174540533915030  -2.386074064197848   1.417027272112792
   -1.240844029766919  -2.037203193658417   1.419640692031395
   -2.298755237296668  -1.676875764292215   1.411408394807067
   -2.315700198022959  -0.559588476050272   1.418254242403237
   -2.315700216129885   0.559596731549230   1.418250955508947
   -2.298755291556033   1.676883980109551   1.411398545272174
   -1.240844095685521   2.037211492054994   1.419628726031241
   -0.174540611122165   2.386082381740632   1.417013256940265
    0.894057157835876   2.716861542899171   1.406869233396311
    1.564047175049209   1.821034289271358   1.416132480216753
    2.223086980542784   0.913947681853157   1.415888522814583
    2.867845828165776   0.000004175904697   1.406094168401413
    2.057445648049645  -1.486981334480295   0.461015498034611
    1.379992824181387  -2.386044165956316   0.455129995969939
    0.305358136772224  -2.735094774249656   0.455815140780193
   -0.771372150553919  -2.405888640308922   0.463273114050650
   -1.835168193341881  -2.038565170819077   0.458565441387723
   -2.498917909314640  -1.125247465091363   0.458080132767958
   -2.519708817319219   0.000001318318576   0.462767188598429
   -2.498917945724692   1.125250074851354   0.458073523363666
   -1.835168259304462   2.038567804891056   0.458553467404323
   -0.771372228402110   2.405891336447755   0.463258982509218
    0.305358048271800   2.735097461416833   0.455799075571769
    1.379992746975311   2.386046883877477   0.455115980989472
    2.057445599934846   1.486984108907367   0.461006763903773
    2.703149659750868   0.564883497336754   0.454476849446122
    2.703149678028948  -0.564880740387261   0.454480167409580
    1.856382845328395  -2.039609340369703  -0.499003813986701
    0.791879152365663  -2.406062961326036  -0.504566760387478
   -0.284837591214522  -2.735195796459415  -0.497403328766769
   -1.359288393909265  -2.386041387956455  -0.496495145886390
   -2.036687856169534  -1.487343512789413  -0.502783295536236
   -2.682349186317821  -0.565112318770316  -0.496534059385676
   -2.682349204603302   0.565109315461290  -0.496537378692445
   -2.036687904295959   1.487340493650049  -0.502792031777396
   -1.359288471115160   2.386038427655307  -0.496509160833864
   -0.284837679718124   2.735192865584190  -0.497419394552071
    0.791879074511923   2.406060023220131  -0.504580892936277
    1.856382779332116   2.039606469389854  -0.499015794087101
    2.520501605925003   1.125575914568648  -0.499381588135058
    2.540126498505431  -0.000001443897516  -0.505639207440248
    2.520501642345688  -1.125578766223724  -0.499374976800833
    1.261819782854479  -2.039663641436062  -1.459720705371758
    0.195273009536926  -2.386159503213789  -1.458926324677645
   -0.873377891042869  -2.717024249791603  -1.448486224510063
   -1.543292325574727  -1.821317358987985  -1.457902934254812
   -2.202238996750621  -0.914119238906721  -1.457666358589566
   -2.847130411763482  -0.000004298129012  -1.447825579656897
   -2.202239026328945   0.914110605697845  -1.457671727851236
   -1.543292384507565   1.821308745695637  -1.457913632150802
   -0.873377978958398   2.717015713471634  -1.448502183544195
    0.195272932327299   2.386150940155924  -1.458940340302441
    1.261819716856535   2.039655108228811  -1.459732685774479
    2.320851294454582   1.679219711155952  -1.450775046001222
    2.336407490562029   0.560666452873462  -1.460396418431421
    2.336407508703839  -0.560674955234014  -1.460393125204664
    2.320851348789795  -1.679228157487247  -1.450765182697947
    0.492420002048775  -1.487115613458303  -2.068035631958309
   -0.582543821145561  -1.821286579266622  -2.052498166709559
   -1.255691507481666  -0.919100750275989  -2.067020873953706
   -1.905627315732740  -0.000006057187706  -2.051970410958394
   -1.255691537221121   0.919088568512600  -2.067026272464993
   -0.582543880077347   1.821274504571355  -2.052508864414592
    0.492419953929872   1.487103482288935  -2.068044366834089
    1.558499627074142   1.125602931281801  -2.053940220145544
    1.572855339426218  -0.000006050044187  -2.068700400515162
    1.558499663495849  -1.125614945117997  -2.053933608625723
   -0.288066570174442  -0.914099692459762  -2.642376210685804
   -0.952132271903121  -0.000007774727048  -2.642043993425669
   -0.288066599752022   0.914084162525941  -2.642381579812409
    0.786476241845968   0.564933898411641  -2.643023514406274
    0.786476260125974  -0.564949397352690  -2.643020196093158
    0.008617744387063  -0.000009442151771  -3.215093549671820
   -1.554196763088495   0.000009109850607   3.110459560397251
