         -0.2129011627        1.1830393470       -0.9604753444
          0.4813194372        1.4576525309       -0.1048885461
         -0.5524281203       -0.8820868881        0.7313232547
          0.3386980339       -1.2205295968        0.1169633809
         -0.6370856835       -0.9454612228       -0.4032399496
          0.4902092002       -0.4994913193        0.9861954266
          0.3526267627       -0.6187117318       -0.8460335492
         -0.3944837472        0.2069117580        1.0121713817
         -1.0933097468       -0.0695444859        0.1508373136
          1.0514536845       -0.3422412842        0.0152913085
         -0.5244447433        0.1111651321       -0.8219255938
          0.5919407629        0.5528126270        0.5540473173
         -0.3984682119        0.8092719413        0.0635535286
          0.5272515038        0.4576793305       -0.5746954720
         -0.0203779694       -0.2004661379        0.0808755433
