         -1.4927890568        0.0801950784       -0.4804022863
          0.3832871935       -0.2308985319        1.5051295549
         -1.2645827158        0.2836524175        0.6214942924
         -0.6590981862       -0.5449554650        1.1552042113
          0.6253588579       -0.2290468923       -1.1845756108
          1.1789008612        0.4741304013       -0.4818155915
          0.1986774699        0.7973208850       -0.9760036492
          1.0927216037       -0.6219066728       -0.2167268299
          0.0748361582       -0.9869157414       -0.5577188980
          0.4123558404        1.0530918138        0.1077499046
         -0.5000444130       -0.1017982275       -0.9994331852
          0.9373386533        0.1611949221        0.5955520332
         -0.6216625830        0.6970177369       -0.2047505596
          0.2605803622       -0.7460656159        0.5382462185
         -0.6917603796       -0.4522573646        0.0518014568
         -0.1642913474        0.3359763080        0.7388374053
          0.2301716815        0.0312649485       -0.2125884666
