         -1.2148440972       -0.9727305215        0.4098850293
          0.6109273004       -1.4764006667       -0.1925607541
          1.0710482930       -0.9373281774        0.7512147599
          1.4366694802       -0.6447335996       -0.3321986809
         -0.7546878852       -0.4336462632        1.3536801664
         -0.5991815864       -0.4800374137       -1.4144143887
          0.2265744907        0.3516170725       -1.5540507311
          0.6358093400        0.9667625878        1.1185444909
          1.0014155765        1.2593434910        0.0351545532
         -1.4732997455        0.1580276716        0.6280602462
         -0.0828228292        1.5584393885        0.3929432754
         -0.8576270358        0.6507399351       -1.1962486546
         -0.0850689815       -1.1300785177        0.6869528713
          0.4954980723       -0.6654722891       -1.0333718177
          1.2261624170        0.1905164056        0.4652528107
         -1.2261570916       -0.1905183794       -0.4652509608
         -0.4954965575        0.6654667301        1.0333659922
          0.0850643754        1.1300728980       -0.6869529543
         -0.4032964467       -0.9819303028       -0.4012927525
          0.3191853548       -0.1355117255        1.0805642984
          0.8932606230        0.3238995096       -0.6205287230
         -0.8091457164        0.7935283832       -0.0587505765
          0.2297970325        0.5594794611        0.2286494684
         -0.1818649509        0.0772076814       -0.6156903584
          0.4610468418       -0.4521530721        0.0334780955
         -0.5089662734       -0.1845602867        0.3535652945
