         -0.5118327432        1.5200481266        1.0813725133
        -0.6190350946       -1.5750424193       -0.9369717974
        -1.6256918835        0.2357227253       -0.2751151647
        -1.4745083363       -0.3866259062        0.6711964388
         0.4885765728       -1.4875196994       -1.0563354891
         0.5934532170        1.5401904807        0.9180939542
         1.3502915242       -0.5487354338        0.7697569517
         1.0552472919        0.6658098274       -1.0770570582
         0.0639893710       -1.7361386921       -0.0497372639
         0.1497545492        0.7404287481        1.5652767895
        -0.1775530982       -0.7417516846       -1.5617370735
        -0.0917526113        1.7347829221        0.0532527687
         0.4953414545       -1.2627572031        0.8712619429
         0.5282333540       -0.3129362014        1.4906528819
         0.1379791660        1.2935710279       -0.9521729470
         0.1050718541        0.3437728612       -1.5715478759
        -1.2096309503       -0.8362798316       -0.3567187866
        -1.1556832707        0.7211409560        0.6589142264
         0.7720399412       -0.4111102371       -1.0693857317
         0.8245781570        1.1055544408       -0.0803402530
         0.9726327415        0.4960238283        0.8465143019
         0.9201060910       -1.0206528588       -0.1425372613
         1.2020715832        0.0585012795       -0.1535592917
        -0.4942101210       -0.0573389250        1.1481429905
        -0.7695269053       -0.0041779903       -0.9866843449
        -0.5269493969       -1.0027161915        0.5316387984
        -0.7367730802        0.9411960611       -0.3701868286
        -0.6523929124       -0.0317534193        0.0833460057
        -0.0402214881        0.7366414278        0.4908776999
        -0.0914715932       -0.7430505962       -0.4740567993
         0.1863769549        0.3112862636       -0.4872447736
         0.3314896614       -0.2860836867        0.4210904765
