          0.6999263050        1.5485390872        0.7738848728
         -1.7408785030        0.7899259650        0.2582684795
          1.5983377214       -0.0511043871       -1.0789135245
         -0.3966344542        0.7298046628       -1.4494898310
         -1.6088723658       -0.0357529399        1.0003570749
          1.6604014721       -0.8591641514       -0.3088072315
         -0.3811535912       -1.6522969906        0.0874212695
          0.0856832551        1.4632420868       -0.7063336782
          0.5520540929       -0.2114836236        1.5115999522
         -1.7423424344       -0.2896835408       -0.0827464347
          0.9317124039       -0.9631864094       -1.1535571632
         -0.0981122190       -1.3612822420       -0.9550135620
         -1.1230860927       -1.1031206221       -0.5445694133
          1.6988010551        0.2113716803        0.0161488859
         -0.9799109679        0.8860417650        1.0888317724
          0.1069436654        0.7982732362        1.3437268800
          1.1401337647        0.5380510288        0.9299856532
          0.7120877292        0.6098141822       -1.1741401369
         -0.9690424286        1.0332303101       -0.5009291173
         -0.9977960961       -0.8457768955        0.5433632893
          0.6403245807       -1.2583614600       -0.1126131886
          1.1076954205       -0.5352125302        0.6023599829
         -0.5286629772       -0.1230738331        1.2576352545
          0.0853987328       -0.9297915855        0.7980640545
          0.0479145364       -0.3028398195       -1.2482214614
         -0.9719236102       -0.0459771573       -0.8398314563
          0.8206601729        0.8700545647       -0.0841937266
         -0.2174815200        1.1315237504        0.3315329580
         -0.0803184439        0.4313782369       -0.4719002223
          0.7708053948       -0.2023567162       -0.3894012944
         -0.8270257112        0.2000749706        0.2504455270
         -0.2278678809       -0.5918977987       -0.1967536979
          0.2322289937        0.1210371759        0.5037892336
