          0.4350825275        1.4878110253        1.1287009657
         -0.5990136906       -0.6266582086       -1.7103619153
          1.6639391142        0.3763164202       -0.8863823379
         -1.8318479259        0.5058589986        0.2905438377
         -1.6227706090       -0.4105550634        0.8968591681
          1.8032241392       -0.5374782987       -0.2565220053
         -0.0753376050        1.5810734314       -0.3977353743
         -0.4001410033        0.9168984862       -1.2895203922
         -0.1188805098       -1.6581569017       -0.1706443946
          0.5066730993       -0.3791199660        1.5466971282
         -1.1438924096        0.5586742439        1.1874066286
          1.1504246662       -0.5929962167       -1.1642126507
         -1.6562821619       -0.4889713780       -0.2193247816
          1.6628053632        0.4547156031        0.2424752564
         -0.8990136545       -1.1152754534       -0.7562666284
          1.0095458095        0.5345787975        1.1485028601
          0.1830434409       -1.1553633019       -1.1205500654
         -0.0725062278        0.5746568805        1.5127843277
         -1.0617990845        0.9863444126       -0.3478772484
          0.6987120685        0.9211443737       -0.9405348562
          0.8430035535       -1.0997611694       -0.2148668100
          1.1568277506       -0.4580834621        0.6466807756
         -0.5585671628       -0.3945429483        1.2241830070
         -0.8723904661       -1.0362069693        0.3626293161
          0.1931838523       -1.0148835399        0.6854959556
         -0.8918709025       -0.0055196173       -0.8501053296
          0.7035083805        0.9950868635        0.1817105042
          0.1944792627       -0.0457624492       -1.2158297345
         -0.3828471498        1.0353308777        0.5474291200
         -0.0975787572        0.5126269490       -0.3462524000
          0.8321425417       -0.0046703945       -0.2996342617
         -0.8421743953        0.0573649155        0.2640452817
          0.1999347333        0.0792325906        0.5851573549
         -0.1096165875       -0.5537095308       -0.2646803013
