          0.7417086996       -0.9401260100        1.6794889913
          1.1428995281        0.1309386561       -1.6267780141
          0.5821815101        0.1602065612        1.8664613577
          1.2224824756       -1.1133213700        0.6732462604
          0.8681736347        1.4114200510        0.1067586936
          0.2613786608       -0.4998347644       -1.9036400963
         -1.2605099808       -0.0040058490        1.3399284071
         -1.5456839794        0.2704608194       -0.8521687614
         -0.4898758952       -1.5361885943       -0.0819993743
         -0.4133918431        0.6332326434        1.6862968909
          0.1231525509        0.6038038900       -1.7714203435
         -1.2643639318        1.1493250802       -0.2205544823
         -0.7841514553        0.9942225810       -1.2378809669
          1.3910892599        0.4692592622        0.5175802218
         -1.1177919632        1.0106135829        0.8845714552
          0.9859312560       -0.8777326463       -1.1374560893
          1.2405629447        0.6141504884       -0.6314890210
          0.6106543229       -1.3948923191       -0.2163705381
         -0.2628130067       -0.4755134653        1.5129622290
          0.1239871635       -1.2430230601        0.7994458456
          0.4466847280        0.8745291261        1.0265148964
         -0.6435922675       -0.1135401305       -1.3809850985
         -1.4052181750        0.1358438271        0.2451530457
         -0.1133757753       -1.0203793834       -0.9934342167
         -0.8757560583       -0.7702015206        0.6295555589
          0.2215734281        1.0908117928       -0.7823141263
         -1.0169880498       -0.6321319558       -0.4667580573
         -0.2573941217        1.2463003872        0.2288539788
          1.0842547623       -0.3914965837       -0.1533306775
          0.4285236487        0.4391324441        0.0453073312
          0.5915269789       -0.2377665171        0.8497816929
          0.3438160493       -0.0233378728       -0.9070424105
         -0.3983522718        0.2193946681        0.6805224140
         -0.5410839380        0.3546019478       -0.3933536098
         -0.0202388891       -0.5347557666       -0.0154533868
