         -1.5678276179        1.1195949341       -0.5392346886
         -0.8854315287       -1.7923264832       -0.0768419689
         -1.0638329522        1.6870189917        0.2817030604
         -0.2429568065       -1.8155300225        0.8378213353
         -0.3210464788       -0.3256845599       -1.5773456030
          1.1447863559        1.4409379819        0.0891557999
          1.6475060856       -0.7041698687        0.4297094025
          0.0123675291        0.2575138332        1.6036306658
          0.2403642195       -1.8878434779       -0.1708711991
         -0.5914930515        1.6618265776       -0.7344444143
          0.5197508845        1.5340857899       -0.8337214668
          1.1900244712       -1.3260369258       -0.3796369279
          1.6247591857       -0.3014182933       -0.6149322453
          1.3711023802        0.7809722012       -0.7867681942
         -1.5146717976        0.6838849144        0.5047404336
         -1.0986132739       -1.0912945486        0.7866453019
         -1.1452520056        0.1830517379       -0.9598464328
         -0.8832209115       -0.9350532559       -0.7823161336
         -0.9734467034       -0.0433176062        1.1640040799
          0.7042303312       -1.2631385139        0.6351040270
          0.0407190223        1.5680239372        0.1856145931
          1.4007954823        0.3693678894        0.2587700331
         -0.1175858604       -0.7794858928        1.2236556200
         -0.5282151469        0.9725311562        0.9454736434
          0.2443027644       -1.0378724819       -0.8805492789
         -0.1702407803        0.7310294312       -1.1613923007
          0.5796204271        0.8497370260        0.8467525424
          0.8310793498       -0.2232047094        1.0170985696
          0.6772733237       -0.0180663648       -1.1135184509
         -1.0957664601       -0.2440985245        0.0800640698
         -0.2166197986       -0.1350171318       -0.5306406431
         -0.2282956480       -0.9548841328        0.1419115889
         -0.6292194781        0.7558557236       -0.1297102071
          0.6980636395       -0.4123152240       -0.0575092254
          0.4521162597        0.6371557926       -0.2241231578
         -0.1051254118        0.0581700998        0.5215477715
