          0.6049674053        1.0236401148       -1.6218518506
        -0.7272636589       -1.8902100800       -0.1160460209
        -1.6976388858        0.9597286486       -0.3973308875
        -0.0613195333       -1.9020268575        0.7832106116
        -1.2312315957        1.5279145034        0.4459617280
         1.7020618554       -0.5909153976        0.3989845450
         0.9853088358        1.5104598073        0.1874838848
        -0.3387506488       -0.2850198888       -1.5428517068
         0.0150130797        0.1423109264        1.6591377067
         0.4002764155       -1.8724836482       -0.2371378568
         1.2837672747       -1.2077662482       -0.4361074036
        -0.7867856123        1.6088037253       -0.5785155053
        -0.9832601293       -1.2635862381        0.7924905221
        -1.5766797710        0.4746301461        0.6199752542
         1.6159385614       -0.1353875875       -0.6190627892
         0.3263198571        1.5962084628       -0.7092493204
         1.2551527201        0.9229246604       -0.7240572912
        -0.8261566845       -1.0002460323       -0.7738184182
        -1.2020078675        0.0897566394       -0.8773292306
        -0.9487452894       -0.2298846651        1.2248242844
         0.8230711996       -1.2497447643        0.5921540066
        -0.6107975861        0.8348545851        1.0558650496
        -0.0251706483       -0.8806103843        1.2241803372
        -0.1227395910        1.5225549829        0.3180258559
         1.3474073310        0.4613845567        0.2933376379
         0.8597340113       -0.2242835621        1.0301134937
         0.2999172529       -0.9906190302       -0.8980737926
         0.5006951594        0.8263500203        0.9220619680
        -0.3005614885        0.7448752855       -1.0613835401
         0.6327477432        0.0691745667       -1.0748471115
        -1.0813735368       -0.3838077298        0.1348081154
        -0.2343017646       -0.1557746546       -0.4871139453
        -0.1479232883       -1.0076022396        0.1374483541
        -0.7195858050        0.6679445288       -0.0267075348
         0.7161342406       -0.3669165122       -0.0496883661
         0.3658339610        0.6619198824       -0.1591011555
        -0.1120535189       -0.0085505227        0.5702103718
