          1.3996290196       -0.5560532055       -1.4535693513
         -0.1739285129        1.2573515683        1.5497711912
         -1.8366378471        0.7895745681        0.1277111801
          1.3783699998       -0.3429543155        1.3510982611
         -1.3139895628       -1.1004085519       -0.9515874810
          0.6770575455       -1.7982560111       -0.2001097016
         -0.7825414061       -0.8572206925        1.1969439674
          0.7153058157        0.8678511380       -1.1218245188
          0.7633014209        1.4625516139        0.9736889382
         -1.4541932117        0.8386937304       -0.9228597544
         -0.2518232102        1.8200097191        0.5840504238
         -1.0910110996        1.5839166521       -0.1336772443
          1.5460676265        0.6546269631        0.8692312598
         -1.1863083606       -0.1140837198       -1.4676794502
          1.8169606389       -0.3136289307        0.3230386912
         -0.3977483453       -0.9367004379       -1.5711299115
          1.4629996112       -1.0467172434       -0.4567826480
          0.6037943559       -1.2884405719       -1.1916332142
         -1.0093060809        1.0289357797        0.8416433576
         -1.5824215251       -0.1559753016       -0.4150534222
          0.6060819352        0.4597266224        1.4566983795
         -0.3196369478       -1.4560285544       -0.5779820974
          1.0319327510       -1.0757856000        0.5779706456
          0.2988451253       -0.6011931031        1.2767686860
         -1.0506150258       -0.9808426066        0.1226203280
         -0.4789518255        0.2010028277        1.3758462670
         -1.3121561461       -0.0334074884        0.6632347259
         -0.0413968213        1.3471887778       -0.3947469296
         -0.0518679078       -1.3296620805        0.4980279652
         -0.4022417262        0.6105362714       -1.1761073669
          0.9634290062        0.9947465394       -0.0080933199
          0.3717057127       -0.2041778853       -1.2789168265
          1.2327895460        0.0380739120       -0.5424587583
          0.2177772620        0.3111101070       -0.3569700621
         -0.7896824028        0.5415368575       -0.1163218463
          0.0241941804        0.7705101067        0.5797606897
         -0.5340348779       -0.3832743671       -0.6436325489
          0.7830102273       -0.0127451068        0.4827924283
          0.4432248256       -0.7231377271       -0.2803588276
         -0.2759837620       -0.2672502533        0.4105978953
