         -1.4534902321       -0.5755296842        1.3525668579
        -0.1359012392        0.6657023283        1.9523472954
         0.1305510846        0.7726903735       -1.8858040488
        -0.9485009092       -1.1165264911       -1.3628406259
         1.5537258814        1.2407432251       -0.2237482416
        -0.1962723991       -1.8155314288        0.6275579687
         1.3513758794       -0.3575730517        1.3320875285
         1.2006576083       -0.8734822855       -0.8298584001
        -0.1292816869        1.5677815795       -1.1409161415
        -0.9201259819        0.8227366512       -1.5009484559
        -1.4647389203       -0.1298475257       -1.2338472548
         0.5868168962        1.8028648822       -0.2998915574
        -1.1098531471        0.8504000583        0.6782285833
         0.9804287571        1.4471601189        0.7138786264
        -1.5676307490       -0.9532452823       -0.4460616963
        -1.1875374820       -1.3045335050        0.5550452909
         0.8784639095        0.6417383224        1.4955355453
        -0.4546096129       -1.0662953319        1.4142934761
         0.3238351016       -0.3329626905        1.7686620331
        -0.4122003917       -0.1723119137       -1.6312865248
         0.8453612055        1.0124140979       -1.0587884859
        -0.5745669622       -1.4732180105       -0.3690858117
         1.4595635729        0.4430490361        0.5569097324
         0.5798676988       -1.0907626020        0.9834390701
         0.1261262542       -0.9968573371       -1.0987892001
         1.3799266768        0.1843016816       -0.5280173767
         0.6665085625       -0.0500918061       -1.3604368684
         0.5021178662       -1.3467962194       -0.1006970438
         1.2778744700       -0.6159913769        0.2524497671
        -0.3931676879        1.3307746302       -0.0925514644
        -1.1745478133        0.5946535042       -0.4482670053
        -1.2761146090       -0.2204685016        0.3236039756
        -0.0000274192        0.9816602995        0.9044944877
        -0.5434232941        0.0095544955        1.1740031532
        -0.3535391326        0.2945995949        0.1669645798
        -0.1127942310        0.5251674564       -0.8390460059
         0.5841017957        0.7537417815       -0.0255752364
        -0.6404453130       -0.3998511113       -0.5830297546
        -0.2760188292       -0.7408192115        0.3927274843
         0.4831690354       -0.0256264981        0.7383243934
         0.4143157867       -0.2834122521       -0.3236326490
