          1.5477889646       -1.1376745394       -0.8668282073
          2.0641169486       -0.1462051965       -0.8195883790
         -1.9756555943       -0.4879462307        0.6303820653
         -0.2314695079       -0.2436241135        2.0177968612
         -1.4859911994        0.5671869882       -1.2863125697
          1.3259930125        0.9673525450        0.9646866033
          0.5499918344        1.4688951752       -1.0791273652
         -0.8359664994        1.4270894832        0.6675985260
         -1.6536678168       -1.0795586136       -0.2657094698
         -1.2572976051       -1.3357403965        0.7782567909
         -0.3776509869       -1.2124595441        1.4760010824
         -1.4054381970       -0.5481783948       -1.2310435926
          1.8403684141       -0.6946438902        0.1374479186
          1.2056503233       -0.2844364167       -1.5342119183
         -0.6031920201        0.0701039753       -1.7690554312
          0.6674397148       -0.7511499584        1.5775074550
          0.4287808799        0.5176142249       -1.6612305199
          1.4536239633       -0.1447677795        1.0380095109
          0.5069812828       -1.2880560777       -0.5085889287
         -1.7400015780        0.0405568330       -0.3299148716
         -1.1091790715       -0.3671428187        1.3315557923
          1.6999947227        0.4128557332        0.0745612261
          1.3099023612        0.6649884279       -0.9528690294
          0.5525775305        0.3625856861        1.4981731282
         -0.4682068487        1.0223260434       -1.1903465459
         -1.4087913403        0.4706473058        0.6503868197
         -1.1640522877        1.0001079663       -0.3110330275
         -0.5345335744        0.5932493463        1.3469549498
         -0.1432250337        1.4526401891       -0.2065792698
          0.2460681883        1.2010417123        0.8187193491
          0.9407285303        1.2239802325       -0.0568204020
         -0.6144329871       -1.0568856245       -0.6474194561
         -0.2226572567       -1.3100866150        0.3844286132
          0.8048827388       -0.8519599330        0.4878935699
          0.1727505996       -0.4433958783       -1.1769722638
          0.0453355514       -0.4064676384       -0.1169573850
          1.0309552843       -0.2758345226       -0.4591186690
         -0.9439550546       -0.4416138139        0.2500351118
         -0.0904562201       -0.3215057270        0.9287438973
         -0.7041200134        0.0751125695       -0.6875224788
          0.6717996281        0.2720397600        0.4155017955
          0.2910961144        0.5180934397       -0.5871926869
         -0.3868858946        0.5008660859        0.2698014010
