         -0.8830639892       -0.6448464080        1.7261720130
          1.2930242328       -0.0434275342        1.6346293616
          1.4570865752        1.0220948884        1.3294054671
         -1.2333078209       -1.4455844471       -0.9538183073
          0.7783508601       -0.8389752201       -1.7376911073
         -1.9697195260        0.1880930800        0.3951044968
          1.2756330753        1.1682931755       -0.8884762440
         -0.4252115672        1.8064415632        0.4271099278
         -0.8273674350        0.6862472977       -1.4575711761
          0.7084006678       -1.5878321917       -0.9091597887
         -0.3043294977       -1.8924759532       -0.5115270847
          1.8513169884        0.1978531398        0.6739448021
         -1.1761695772       -1.5697291775        0.1577334524
          1.5000867979       -0.7584067466       -0.8802520715
          0.4593289929        0.7190606541        1.7503236151
         -1.5447222691       -0.7473478819        0.8353759300
         -1.2837604638        0.2908727418        1.2741748786
          1.7495584386        0.2530322882       -0.4438977582
         -0.4963071025        1.0987763970        1.2934966804
          0.6036007681       -0.7259279920        1.0925118315
         -0.2289563456       -1.1482330254       -1.3533072483
          1.3711671224        1.0998720151        0.2188944760
          0.5157195530        1.4194804107        0.8804456684
          1.0344053890        0.1654596642       -1.3175656737
         -1.6103686415       -0.6304957635       -0.2812711236
         -1.2021504321        1.0027134987        0.4146039602
         -1.0326670215       -0.3802480389       -1.2085467625
         -0.0238583263       -0.0765186976       -1.6021193211
         -0.6280935569        1.2506740184       -0.5170956228
          0.2249903867        0.9302374598       -1.1768667535
         -1.4020908089        0.4383748044       -0.5310599332
          0.4261133145        1.4937290710       -0.2326270355
          0.3974835900       -1.3077422257        0.1146507117
         -0.4622765865       -0.9924851629        0.7689449985
          1.1726884324       -0.4900186055        0.1393971183
         -0.2081152672        0.0402438415        1.1996805631
          0.1313398466       -0.2811467256        0.2428851132
          0.7782538726        0.3589708695        0.7706124714
         -0.5384497465       -0.8473652127       -0.3455325803
          0.4459136808       -0.5506048584       -0.7290751719
         -0.8979454649       -0.0495383504        0.3184725059
          0.6900936005        0.4328245017       -0.3156020756
         -0.1444304279        0.7461175628        0.3294020420
         -0.3411943112        0.1994872754       -0.5949092453
