         -0.7421123972        1.9270162204        0.0393069724
         0.9702535845       -0.6180842826        1.8548865489
         1.9276130133        0.8635098328        0.4604931989
        -2.0838221361       -0.5440724168       -0.1617406512
        -1.1252171363        0.9440788165       -1.5524161080
        -0.4673455736       -1.8577838703        0.6621851520
         1.0773304163        0.5342320154       -1.5858606995
         1.4778964958       -1.2082603115       -0.2371780159
        -0.3817774655       -1.1591575481       -1.4649639821
         0.6238946827        0.4492698064        1.8487421435
         1.1076853881        1.1937642097        1.1491442494
        -1.9140062304        0.5093328481        0.1742681899
        -0.1331105708       -0.4137787190        1.9103680061
        -1.6916922735       -0.3707002595        0.8794156302
         1.1365974328        1.5554090220        0.0603723489
        -1.4321007625        1.2555176120       -0.5233020666
        -0.4184875425        1.5951960812       -0.9725920630
        -0.8674663905       -1.0257344702        1.3005903610
         0.6931906187        1.3895525300       -0.9701921579
         1.4595006125        0.1219556735        1.1647182267
        -1.2815646676       -1.2077673613        0.2546245255
         0.2502555780       -1.2463168610        1.2651223926
        -1.6142587767        0.1992861407       -0.8654330693
         1.5086732445        0.7042328097       -0.5678044908
        -0.0216960863        0.7430640629       -1.5773534509
        -1.2364310434       -0.8551947793       -0.8153751429
         1.2272435229       -0.9170633371        0.8115410527
         1.7084477308       -0.1726630248        0.1112030402
        -0.7545944100       -0.1067711979       -1.5125942269
         0.5500325435       -1.1886779269       -0.8544709499
         0.5077284879       -1.5405167739        0.2135104257
         0.3498497924       -0.3145199506       -1.5331508164
         1.2840509680       -0.3384524548       -0.9160593786
        -0.4265855621       -1.5158340860       -0.4034241351
         0.0542632890        0.8880721471        1.0058068444
        -0.9030593948        0.8934842227        0.3836789962
        -0.6835941849        0.0357684946        1.0683692777
         0.0954641274        1.2259019600       -0.0632381300
        -0.1041537850        0.2148221594        0.1922187489
         0.4229590669       -0.1956326344        1.0031660410
         0.8919212110        0.5288656335        0.3212665256
        -1.0718126528       -0.1586295985        0.0157169722
        -0.6031801197        0.5730976534       -0.6614855155
        -0.2801468272       -0.8043242876        0.4188632380
         0.4764818512        0.3668738163       -0.6825460249
         0.6734714474       -0.4885739317       -0.0239721465
        -0.2365891162       -0.4637936843       -0.6244258871
