          1.0058004314        1.2511810451        1.4482229409
        -2.1342612054       -0.1926609572        0.2867913287
         1.0253477798       -1.8410416964       -0.4834377754
        -1.0168005815       -1.3465953712       -1.2892324948
         2.1174255262        0.0945645651       -0.1299602145
        -1.0363299363        1.7398807150        0.6388898149
         0.7642007096       -0.1264727253       -1.9088788603
        -1.1816378542        0.8886834992       -1.4345163230
         0.7521498880        1.7778652736       -0.7192558114
        -0.7848687999       -0.9386649200        1.4946425496
         0.1995997470       -0.4859932920        1.8587730437
         0.2057313636       -1.4554616805        1.2531509762
         1.1105363622       -1.4304380819        0.5607213363
         0.1311852250       -1.8807569798        0.1984837336
         1.1006483641        0.1335398121        1.5377065525
        -1.4668715418       -1.0470398740        0.5880443279
         0.1152084013        0.6476370887        1.7779405908
        -1.4729661324       -0.0826263789        1.1905138743
        -0.9169385245        0.8935621333        1.3682087402
        -0.9009827007       -1.6297704173       -0.2081116903
         1.6614001437       -0.4515520605        0.7396499195
        -1.5869150101       -0.7753691439       -0.5051064934
         1.5731642995        0.6776778592        0.6637287458
         0.0040630245       -1.6053915789       -0.8929387359
         1.5830056318       -0.8793721847       -0.3089272978
        -0.0156160502        1.5065359325        1.0510581110
        -1.5967483248        0.7795104044        0.4662359952
        -1.6685876613        0.3505090167       -0.5779772013
         0.8846718157        1.5245319141        0.3664107076
         0.9005680731       -0.9898275799       -1.2042762381
        -0.1267286926       -0.7415335055       -1.6101650498
         1.4505259737       -0.0162901501       -1.0267777759
        -0.1426234399        1.7710495296       -0.0405674010
        -1.1168205696        1.3231005873       -0.4008990664
         1.4444583686        0.9430622571       -0.4274845639
        -1.1069865045       -0.2301267948       -1.3712009006
        -0.2162759206        1.3427144300       -1.0844797617
        -0.2102022834        0.3837806408       -1.6835255203
         0.7635573895        0.8315286511       -1.3233558297
        -0.0076869997       -0.0583273502        0.0932927470
        -0.3908569042       -0.0148949187        1.0752425605
         0.5782216385       -0.5204602948        0.8389971163
        -0.3848608288       -0.9632985230        0.4827768326
        -1.0508258884       -0.1236992330        0.1873711801
         0.4895578182        0.5845896893        0.7571211936
         0.4991447847       -0.9323232783       -0.1904692221
        -0.5028077035       -0.6895956816       -0.5867822744
         1.0353936305        0.0176901945       -0.0178398038
        -0.5123875995        0.8251694751        0.3594822847
         0.3710586043       -0.0901678870       -0.8911065930
         0.3651490103        0.8437226225       -0.3077092091
        -0.5831863471        0.4076652032       -0.6584750954
