         -0.1863158649       -2.1308610340        0.4157010812
         1.6269363192        0.4922679070       -1.3633755157
        -1.6515024920       -1.0305580110       -0.8919323766
         0.6121652193       -0.6765717603        1.9371521437
         1.7302778913        0.9409610394        0.8400996330
        -0.5333804419        0.5869791107       -1.9889690071
        -1.5431837025       -0.5782300249        1.3071156621
         0.2628766859        2.0344738312       -0.4648985935
        -0.3613411624        1.3146118473        1.5700034268
        -1.7581787453        1.0961787041       -0.1757331861
         1.1551741398       -1.3139134184       -0.7599019593
         1.0453370077       -0.4604146309       -1.5097968562
         0.8341797463       -1.6773818087        0.2734012651
         1.7517795724       -0.3499438179       -0.6269007655
         0.1277413148       -1.7878525062       -0.6094904708
        -0.6120865807       -1.2308313990       -1.2700466726
         1.2374621900       -0.9416044101        1.0414806148
         1.8029017210       -0.1236042817        0.4866936377
        -0.0466450219       -0.4128291281       -1.8248284465
         0.2145182867       -1.4139341664        1.1853268974
        -0.9259135606       -1.5922719201       -0.2399615384
         0.5505830824        0.5436971057       -1.6886212274
         1.6910083814        0.7220319070       -0.2633437455
         1.1800991531        0.1333419906        1.3993685949
        -1.1009495005       -0.2233608487       -1.4514360252
        -0.8706740662       -1.3633788739        0.8672537795
         0.9510317271        1.2719700996       -0.9201138861
        -1.6085345733       -0.8101591585        0.2092676692
        -0.4689692714       -0.6319567528        1.6334726200
         1.0035568777        1.4982649461        0.1886956883
        -0.1360034711        1.3200650629       -1.2355004896
         0.1264056944        0.3217091606        1.7657120495
        -1.7166675046        0.0334946693       -0.5377211879
        -1.1541462886        0.8472621065       -1.0896342013
         0.6889228371        1.1354746706        1.2137921076
        -1.6626329147        0.2610125257        0.5696324278
        -0.9590277859        0.3710403614        1.4489827879
        -0.0496535169        1.6865678345        0.5567532967
        -0.7532604835        1.5765401613       -0.3225986611
        -1.0674024887        1.2140831844        0.7021631744
         0.0468576921       -0.0533005537       -0.0308236353
         0.9370021723       -0.6165284595        0.0459793574
         0.2425575039       -0.7251233168       -0.8219224544
         0.8216929797        0.2140107794       -0.6842493259
        -0.0673151560       -1.0720641470        0.1880026142
         0.8724647292        0.4351843191        0.3973043827
        -0.2387793070        0.2614122201       -0.9915033637
         0.3239650411       -0.3583055653        0.9354703011
        -0.7872819951       -0.5320792299       -0.4533427521
        -0.7346528701       -0.3094247488        0.6265427237
         0.1515707845        0.9726188162       -0.2429753905
        -0.8398916987        0.5120390554       -0.1010553965
        -0.1546782860        0.6191905569        0.7553091937
