         -1.0329713318        1.7933684871       -0.6137012753
          1.2156931391        1.7095596426       -0.5092113401
         -1.7794412011       -0.2506691563       -1.1960628592
          1.8589862950       -0.3862651972       -1.0270276861
          0.0078907030       -1.5977448983       -1.4515383404
         -0.0038286983        1.6139908422        1.3770368045
         -1.2095076159       -1.6875619627        0.4363759636
         -1.8516875945        0.4046160948        0.9532852920
          1.7803796812        0.2692481090        1.1220326294
          1.0352337378       -1.7712173464        0.5406488106
         -0.1140597747       -0.5354583916        2.0255470058
          0.0636143444       -0.5278261952       -1.7927181072
         -0.4625948237        1.1865610921       -1.3691451187
          0.6742354419        1.1441933074       -1.3163235283
          0.9994482966        0.0846411563       -1.5781058691
         -0.8399807912        0.1531994170       -1.6635618700
         -1.4173787462        0.7773565241       -0.9116466623
          1.5495035446        0.6667846782       -0.7737998815
          0.0920617722        1.7652404073       -0.5655002103
         -0.8928213256       -0.9316400937       -1.3338814673
          0.9408125205       -0.9999756285       -1.2486990827
          0.6099271968        1.6737004731        0.4370025262
         -1.8284665631        0.0778365386       -0.1221725225
         -0.5217760155        1.7158814690        0.3844140690
          1.4571971863       -1.0866567483       -0.2450039717
         -0.6053930619       -1.6542199862       -0.5111831834
         -1.4527921384        1.1065544073        0.1709114079
         -1.5049147564       -0.9762636174       -0.3826070980
          0.5255860238       -1.6963720065       -0.4586490373
          1.5088732855        0.9961724187        0.3085195847
          1.8326255870       -0.0586074005        0.0479202394
         -0.9346136508        1.0167573250        1.1737871816
         -0.0877828380       -1.7421697305        0.4921430523
          0.8948303835        0.9485600604        1.2587904239
          1.4182017795       -0.7565397931        0.8375068926
         -1.5419029014       -0.6462171056        0.6999922115
         -0.6665396529       -1.1195645405        1.2401521266
          0.8390984489       -0.1341685010        1.5854354231
         -0.9899264617       -0.0659868575        1.5004597731
         -0.0593923669        0.5430210925        1.7138505988
          0.4638561437       -1.1616922120        1.2926638753
          0.0024266913        0.0113956602       -0.0431041848
          0.0599067076        0.2812244370       -1.0638191234
          0.5977427753        0.8446692926       -0.2719654368
         -0.8718672451       -0.1171451917       -0.6089781481
          0.9133867786       -0.1836801678       -0.5260402515
          0.0051157184       -0.7781147964       -0.7343279821
         -0.5056040847        0.8857903723       -0.3232290851
         -0.5925153989       -0.8228435509        0.1934327324
         -0.0007140969        0.7977103143        0.6551538624
          0.8750595168        0.1376450335        0.5299850734
         -0.9077249222        0.2040938526        0.4471552244
          0.5093080178       -0.8639065837        0.2446145078
         -0.0548036595       -0.2572648455        0.9731860312
