         -0.2777082573        1.1021155532        2.2736631822
         1.1529593303        0.0684283120       -1.8444418013
         0.4552368394       -1.8884211941       -0.9811156189
        -1.0359118442       -0.4512005798       -1.8599107089
         2.0334911753       -0.6883071396        0.0832806589
        -0.3791834629        1.6371122388       -1.3386082870
        -1.5080963629       -1.5290652208        0.0582523112
         1.5179566365        1.4896580127       -0.1394311400
         0.3890854508       -1.6764036639        1.2573772515
        -2.0235010587        0.6489306533       -0.1644591490
         1.0372335832        0.4158223790        1.7807896104
        -0.4440669546        1.8435511000        0.9077979247
        -1.1371806429       -0.1003743030        1.7654229571
         0.8101031206       -0.9166662975       -1.4230437383
        -0.2925661965       -1.1784354121       -1.4308363249
         0.0589196526       -0.1926496643       -1.8657470197
         1.6052815265       -0.3124300761       -0.8872881734
         1.2538483112       -1.2980683393       -0.4524427332
         0.3897153951        0.8591746176       -1.6036715865
        -0.5304925896       -1.7216634090       -0.4650526693
        -0.7127889475        0.5974446616       -1.6114631271
        -1.2815637345       -0.9977551050       -0.9076896179
         1.3453995929        0.7850403186       -0.9989972879
         0.4252740966       -1.7955667851        0.1395193001
        -1.5411872011        0.0997766025       -1.0193970834
         1.2204685003       -1.1911451796        0.6751494694
         1.7890277116        0.4034509005       -0.0283568388
        -0.5638192661       -1.6147275822        0.6625399976
         0.5734977272        1.5750207957       -0.7447190628
        -1.7789253852       -0.4435663611       -0.0535718634
        -1.2101676082        1.1515860199       -0.7573246543
         1.5508112824       -0.1385645115        0.9392571638
        -1.3354905091       -0.8237605647        0.9188597202
        -0.4154559784        1.7565920842       -0.2195455341
         1.2930022494        0.9571203725        0.8253023112
         0.7243404188       -0.6377644324        1.5289360793
         0.5401304689        1.6827643115        0.3816037249
        -0.3808071834       -0.9001218307        1.5211260490
        -1.2438576951        1.2592531289        0.3689955615
        -1.5961334136        0.2712513335        0.8048843179
        -0.0468221502        0.1443338462        1.7769744282
        -0.8035840929        0.8737266996        1.3309830723
         0.3072728197        1.1374393448        1.3388346143
         0.0051311318       -0.0203667688       -0.0420173332
        -0.5062087617       -0.2317370701       -0.9343714883
         0.5688044611        0.0234665498       -0.9267747115
         0.2261342164       -0.9375948749       -0.5027719647
        -0.1836062583        0.7936293757       -0.6789244757
        -0.7380557139       -0.7613935672        0.0071236357
         1.0013452406       -0.3484674441        0.0194160573
        -0.9911336940        0.3085225706       -0.1017040175
         0.7479895953        0.7213835781       -0.0894134835
         0.1936283178       -0.8333924637        0.5965253213
        -0.2159258863        0.8971157447        0.4180492143
        -0.5588865394       -0.0647607562        0.8424117701
         0.5170385361        0.1906594913        0.8500157901
