         -0.9410627397       -1.5663840839        1.8295809568
         -1.7871031831       -1.5015920749        1.1125808204
          1.7025141155        1.4110641098       -0.1383911883
         -0.0111039572        1.5421647278       -1.5907390397
          1.4115164855       -0.1982684351       -1.6833499329
         -0.3283525543        2.0660924900        0.5738925850
         -0.7992976732       -0.5380258926       -1.9252669304
          1.9729067641       -0.7500809261        0.4242759357
          0.8968344549        0.6483834175        1.8194066485
         -1.8746491629        0.8603842697       -0.5295536571
          0.4269451142       -1.9547747466       -0.6801609642
         -1.3130310846        0.3073597201        1.5769440409
          0.1100538133       -1.4301571850        1.4824442468
         -1.6019178381       -1.2992172327        0.0315006854
         -0.1713438722        1.8174658369       -0.5120091352
          0.6920531208        1.7514060072        0.2197586822
          1.5682795945        0.6105522825       -0.9172938731
          0.7050825657        0.6765905807       -1.6488776766
          1.8510979172        0.3325542105        0.1446183402
         -0.4088132188        0.5054358876       -1.7707326892
          0.3081111094       -0.3712439505       -1.8176643003
          0.8517169068        1.4873253662       -0.8706914437
          1.7047478776       -0.4780864295       -0.6339646814
          1.3092325868        1.0371881191        0.8472861655
         -0.9504035488        1.2100584114       -1.0678389083
          0.9256000647       -1.0849234709       -1.1900207496
         -1.1099363963        1.4739134949        0.0224998629
          0.2862105156        1.3671036914        1.2057988169
         -1.3475397527        0.1617236458       -1.2357548696
          1.4448181862       -0.0518815054        1.1308847029
          1.2086525499       -1.3628000817       -0.1286460526
         -0.1877964203       -1.2559737928       -1.3121879742
         -0.8275280056        1.1968143626        1.0843908057
         -1.2109999997       -0.9261883950       -0.9531837244
          1.0486529657       -1.0990215862        0.9619590252
         -1.6059023657        0.5897572966        0.5282554992
         -0.2101327168        0.4829817834        1.7112386436
          0.5045962473       -0.3949326743        1.6650229166
         -1.7526860121       -0.2222740784       -0.2481380997
         -0.5935168612       -1.6405497265       -0.3274696649
          0.2713477469       -1.7066967268        0.4055301779
         -1.4628149741       -0.4952010294        0.8099516530
         -0.6062342920       -0.5607471536        1.5359566993
         -0.7447491076       -1.3759067326        0.7545592036
          0.0498689362        0.0560122437       -0.0537845435
          0.8612138974        0.7213632325       -0.0950896278
          0.7183171743       -0.0690876942       -0.8537783482
          0.0197149470        0.7857398068       -0.8082858698
         -0.1357238168        1.0433305482        0.2542947972
          0.9941100931       -0.3398970021        0.1808908892
         -0.3670329219       -0.2357793170       -0.9727297931
          0.4658522767        0.3469496699        0.8662014383
         -0.8953250980        0.4510785956       -0.2874506436
          0.2345035344       -0.9317622805       -0.3607762178
         -0.6180551769        0.1833630711        0.7457774856
          0.0801347333       -0.6735425940        0.7008845515
         -0.7616335448       -0.6091600813       -0.0125556768
