          1.0762303806       -1.4940467449       -1.7586462132
         1.7960946087       -1.5590157577       -0.9092843387
         1.8419164989       -0.6960990393       -1.6143350489
        -1.7154678412       -0.1866554063        1.4396426399
        -0.1706869997        1.4232130114        1.7307591535
        -1.6229900447        1.5542858040        0.0171993391
         0.3919523881       -0.7380197567        2.0011573107
        -1.9575214997       -0.5259754811       -0.7709667767
         0.5415542375        2.0783806223       -0.3000081749
        -0.7111126787       -1.9428477876        0.4540815995
         1.7872653285        0.6607966889        0.9249580793
        -0.5615993556        0.8727857003       -1.8464475357
        -0.0012248426       -1.2860839734       -1.5741289707
         1.4506458423       -1.4171179339        0.1389212605
         1.5430730778        0.3232958352       -1.2830797466
        -0.6661811266       -0.4664438133        1.7328354942
        -1.8497669068       -0.3596230211        0.3363329116
        -1.8031820155        0.5175918082       -0.3803866163
         0.1121793190        0.3447270629        1.8795316005
         0.1875757239        1.7635426850        0.7202669852
        -0.5442111587        1.8295876207       -0.1431622007
        -0.9029469942        1.4993966359        0.8799707734
        -0.9495434188        0.6224428822        1.5964923680
        -1.6810949392        0.6884666902        0.7333410088
         0.8150374729        1.0493776774        1.3373290364
        -1.0999254862        1.2222063195       -0.9221194971
        -1.2218363528       -1.0733178986        0.9534499798
        -1.3435174021       -1.2441475284       -0.1601907503
        -0.1601279181       -1.3509506384        1.2360803854
        -1.2682026094        0.1742115121       -1.3190542304
         1.0984007366       -0.0393785439        1.4732809397
        -0.0094622906        1.4859710886       -1.0818489758
         1.1737600180        1.3791833006        0.3142251102
         1.0517147296        1.2091723557       -0.7988741863
         0.9297537513       -1.0869757450        1.0772184471
        -0.9857287080       -0.9140999993       -1.1828431051
        -0.2819877613       -0.2097850789       -1.7248854246
         1.6329745726       -0.3826137399        0.5345626034
        -0.3573001906       -1.6280920925       -0.5660496969
         0.3744774882       -1.6941363613        0.2973686394
         1.6795677436        0.4945994473       -0.1821667293
         0.4963835737        0.6013838106       -1.5781958052
         0.7257430273       -1.3578586432       -0.7189576465
         1.5033158591       -0.5475178839       -0.5724041060
         0.7722746268       -0.4815401328       -1.4349536433
        -0.0860599586        0.0684397845        0.0781738846
        -0.8405640417        0.7979181029        0.0479283164
        -0.1272939917        0.7335442912        0.8895095822
        -0.8859809711       -0.0571093677        0.7465320440
        -1.0051125334       -0.2234051069       -0.3387460327
         0.1486095867       -0.3275306278        1.0225207971
         0.2220786073        1.0554775240       -0.1074845066
        -0.3927980464       -0.9195454950        0.2625727898
        -0.3193621920        0.4632817336       -0.8672740916
         0.8342182727        0.3591691561        0.4938257660
        -0.0458720847       -0.5965359407       -0.7330839025
         0.6682027531       -0.6609824815        0.1094470164
         0.7136621361        0.1950028696       -0.5899379095
