          0.5949606692        1.9647032075       -1.3813089087
         2.4509827444       -0.0877683441       -0.3271419211
        -1.7289341176       -1.5860281767       -0.0439137517
        -1.4364903961       -0.3645610394        1.8194002505
        -2.1858219836        0.6204515767       -0.0636669427
         0.0991256400       -1.9063124335        1.2340964765
        -1.1288776610       -0.3224611110       -1.8059396881
        -0.6552357820        1.6558277196        1.2118847171
         0.7574722812        0.0936171669        2.0142533156
         0.2838287341       -1.8846781350       -1.0035809450
         1.4923797290        1.7861820006       -0.7375107500
         1.3482864570        1.1843389743       -1.6556056964
         2.0567874874        0.4008384326       -1.2531931459
         2.2008810438        1.0026825925       -0.3350965507
        -0.4381308876        1.6795849194       -1.0322624399
         1.8261039131       -0.8242945509        0.2537500241
         1.3504758500        1.3609041746        0.2719431750
         1.0534880083        0.1204571413       -1.6203244910
        -1.5928225240       -0.9815251750        0.8934143832
        -1.6675920664        0.1524073260       -0.9428507402
        -1.4291700445        1.1482390403        0.5762627655
         0.4342649171       -0.9124017464        1.6346184656
         0.1958435146       -1.9082305099        0.1155095653
        -0.7268522446       -1.7479594963       -0.5284396755
        -0.3408665877       -0.1357902175        1.9308794853
        -1.0526856177        0.6513728853        1.5265879462
        -1.4386717509       -0.9607986862       -0.9327347756
        -1.9712853180       -0.4856073103       -0.0547266386
        -1.8239914403        0.1296038327        0.8837608010
        -0.8199186472       -1.7588305145        0.5992123270
        -0.6726251056       -1.1436208788        1.5376974174
        -0.4256370401       -1.1117419082       -1.4151803870
         0.0515163605        0.8812133952        1.6250172939
        -1.3239404336        1.1610472925       -0.5533169262
         0.9720227943       -1.3779045217        0.7507070475
        -0.7908940257        0.6861378607       -1.4300416755
        -0.5525333521        1.6817135074        0.0886812071
         1.0648487804       -1.3660086316       -0.3760484301
         1.3032105615       -0.3704288001        1.1426808603
        -0.0333785668       -0.0978819312       -1.7278620623
         0.3545278346        1.5223102897        0.7436960403
         1.0667713400        0.7346854817        1.1482287163
         0.6788643014       -0.8855090159       -1.3233329112
         0.3122747241        0.9033527128       -1.3324979604
         0.4614806765        1.5265503475       -0.3818272132
         1.4464439089       -0.3508577114       -0.6883275107
         1.5956503454        0.2723419370        0.2623462540
        -0.1858584035       -0.1145272400        0.1042466255
         1.1930986325        0.7352055309       -0.6692072780
        -0.9430321314       -0.8370002479        0.0307224811
        -0.7992954218       -0.2366465292        0.9465452942
        -1.1676119759        0.2468205798        0.0214550058
        -0.0453235103       -0.9942447289        0.6588753727
         0.0448550812       -0.9843193542       -0.4399844873
         0.2775645975       -0.0123477232        1.0427311548
        -0.6492913803       -0.2167047460       -0.8342350059
        -0.4165824972        0.7552646360        0.6484771465
        -0.3138623093        0.7667316084       -0.4533591178
         0.8012464135       -0.4663961664        0.1799846960
         0.4209017918       -0.0008208210       -0.7426810688
         0.5670540894        0.6096222326        0.1885327841
