         -0.5757463276        1.0656331711        2.1350475684
          2.1549424728        0.7575724830        0.8987816999
          0.0730104797        0.2215032689        2.4291354583
          1.8004290353        0.0265590023        1.6470281353
         -1.7045572233       -1.4701577405       -0.6495305445
          0.3397380169       -1.7007704723       -1.5750230626
         -0.9813777880        0.0196769266       -2.1726285147
          1.2207421041        0.3530894451       -1.8300899047
         -2.0796951037        0.7253971909       -0.3359065504
          0.0477032960       -2.0694674724        0.6211063474
         -0.2770683418        1.8500834468       -1.0729635338
         -1.4378621685       -0.5563739240        1.3966522975
          1.8591957603       -0.9283459360       -0.0960052908
          1.3791088349        1.4903098221        1.3003769564
          0.3571019083        1.6055963951        1.7630874691
          1.0058548133        0.7444294161        2.0361510361
         -0.5509714781        1.4928531446        1.1202793118
          1.4635971123        1.2655774814        0.2082209211
         -0.8349668760       -1.7821358732       -0.0110680289
          0.1979741245       -1.8986613692       -0.4787033038
         -1.3520801033       -0.7301209840       -1.4199335511
         -0.3224317750       -0.8462590469       -1.8860740661
         -1.9061287703       -0.3745035741       -0.4938826005
          0.7879862517       -0.6784132133       -1.7135627677
         -0.6332089346        0.9428967756       -1.6335669341
          0.1214439528        0.1882556747       -2.0158581306
         -1.5421064398        0.3758912333       -1.2627317685
         -0.6868044227       -1.5970119822       -1.1191185585
          1.1086479339       -1.3246657247       -0.8404288166
         -1.5826417498       -1.0210395657        0.3779700630
         -1.1863462982        1.2977589860       -0.7073287542
          0.4766602933        1.1101659522       -1.4602096354
         -1.7697272527        0.0864589439        0.5371602710
          1.5524132027       -0.2883221757       -0.9668516269
         -0.6993287188       -1.3200808192        1.0184556063
          0.9619758071       -1.5075081269        0.2663484087
          1.3599416128        0.8135889195       -0.8122167604
         -1.3269124926        1.1166939925        0.4041903619
         -0.4183530552        1.6841377156        0.0296670790
          0.6028702751        1.5689348868       -0.4326709292
          0.4045284028       -1.1726811239        1.1857980620
          0.7471393405       -0.2721204382        1.7181148909
         -0.9967868451        0.4723806514        1.2793024420
          1.6791852810        0.1704836908        0.0678148969
         -0.3457791382       -0.3982886431        1.5813769395
          1.3242100612       -0.5867148151        0.8253087243
          0.4618616680        1.3825558201        0.6756726655
         -0.1137820896       -0.1091001824       -0.2241354214
          0.1042109951        0.6101389567        1.4084770732
          1.0934334663        0.4985315683        0.9606179859
         -0.5395272106       -0.0449136455       -1.1805457668
          0.1098575374       -0.8904728441       -0.8866792879
         -0.8948912132       -0.7771327643       -0.4318098621
         -0.0351400312       -1.0732095422        0.1898274759
          0.5415798319        0.1180574470       -1.0132089319
         -1.0794804560        0.3009205692       -0.2793168167
         -0.1941370500        0.8534625614       -0.6414598435
         -0.7643783517       -0.3284770110        0.5729528822
          0.8562507780       -0.5113128984       -0.1607499663
          0.6631356449        0.5640377424       -0.0159114562
         -0.3333629033        0.6764579560        0.4352348766
          0.3088503143       -0.1918293289        0.7300130809
