          2.1933041027       -0.6415309245        0.9402534168
         0.3131475685        2.4500287181       -0.0742965428
        -1.8285827959       -1.3821715154       -0.8229950046
        -0.8722086795        0.1212682693       -2.1977498039
         0.2579900310       -1.7371658888       -1.5878432760
        -2.0580922422        0.8241109902       -0.4210335268
        -0.2355924368       -2.1726209335        0.5624754590
        -1.6718319117       -0.5970251639        1.2788833104
         1.3081281570        0.2440164260       -1.6805629587
         0.0772098080        2.2058391191        0.9918736903
         1.5864393642       -0.2758023542        1.8062680264
         1.1007314959        2.0328034486        0.6087883874
         2.0585926887        0.4577631038        1.1256535044
         0.8744717128        0.5477270856        2.1391610939
         0.3096817222        1.4764269755        1.8343828045
        -0.1119402664        1.8363786527       -0.9277447267
         1.7064258670       -1.1535885941        0.0534831017
         1.3291723500        1.2802143014        1.4378856460
        -0.6111281966        1.3743279642        1.2080251985
         0.4998024116       -0.4523777750        1.8075140555
         0.2205808103        0.1873485179       -1.9518415724
         0.7916669466       -0.7517173665       -1.6436483794
        -0.7898935917       -1.5698814169       -1.2134932398
        -1.3589217904       -0.6342088070       -1.5205624028
        -1.7628608543       -0.9963101721        0.2309830359
        -1.4743990643        0.4788882365       -1.3179164241
         0.0139873990       -1.9684846356       -0.5147172651
        -1.9573981540       -0.2798490882       -0.6260914558
        -1.0386845071       -1.7904994661       -0.1303150057
        -0.3086194636       -0.8133871221       -1.9065638031
        -0.9596523691       -1.3938110388        0.9285129112
        -1.8774431351        0.1152992414        0.4332262596
        -0.4965596183        0.9881384341       -1.5781671914
         0.9917911538       -1.4592140425       -0.7749919753
        -1.0923745437        1.3415916091       -0.6810096461
         0.7428667900       -1.6761055905        0.3093613645
         0.5998579739        1.0489195043       -1.3176525137
         1.5189759665       -0.4624125478       -0.8216623904
        -1.3438104882        1.1139773904        0.3987292479
         0.1382486643       -1.3229653195        1.1985027576
        -1.1475855185        0.3972214835        1.2542619957
        -0.5849311728       -0.5279433745        1.5578858304
         1.4079806705        0.6449185320       -0.6440115517
         1.4802752371        1.0269928707        0.3862215594
        -0.3655773491        1.6134574979        0.1426631157
         1.1070893252       -0.8080518220        0.9373548170
         0.6906497595        1.4385699748       -0.2635198923
         1.6002902484       -0.0571756965        0.2273490013
        -0.0442057044        0.4697537752        1.5132834880
        -0.1808161877       -0.1753809505       -0.1993470775
         0.4329639921        1.1908915098        0.7932816687
         0.9822293000        0.2877295712        1.0896825385
        -0.9899014825       -0.7674977367       -0.5042429750
         0.0359621834       -0.9419429521       -0.8805919051
        -0.5195382282       -0.0285085055       -1.1803659208
        -1.1029342517        0.3161368637       -0.3077214365
        -0.2074026281       -1.1563972459        0.1755488441
        -0.9139524389       -0.3829309746        0.5268250342
         0.5509698240        0.0306618229       -0.9276115488
        -0.1493276964        0.8116479575       -0.5625112852
         0.7455312536       -0.6597878432       -0.0796135577
        -0.3963703235        0.5856395090        0.4893536672
         0.1519500377       -0.3159715296        0.7852461161
         0.6335722753        0.4140290374        0.0874753072
