         -0.3971510206        1.2156859497       -2.1035768537
         -1.2902863673       -1.9948095563       -0.6403993062
         -1.5100195650       -1.2168897863       -1.3907307277
          1.9964981114        0.1233497333        1.4865951879
          2.2612835405       -0.3037811408       -0.7101173180
          1.3207166833       -1.8493255605        0.6372958314
          1.5547708806        1.7254203076       -0.0330923298
          0.0325977822       -0.7704829075        2.1365878264
          0.1774537234        1.4312679657        1.7242114451
          0.4681665339       -1.4739571471       -1.4073141494
         -1.0391409886        1.7279718948       -1.3421316819
         -1.9484459403       -1.4036559291        0.0865249233
         -2.2240645841        0.7480006885        0.1996883539
         -2.2980545595       -0.3794034460        0.4148683912
         -1.3677401933        0.7625293252       -1.7686804280
         -1.7495500725        1.5276677528       -0.4694388810
          0.6006187126        0.7521202339       -1.8240094546
         -2.1395557950       -0.5963615299       -0.6611221055
         -2.0598438681        0.5401722244       -0.8794630258
         -0.9117157248       -1.7433560020        0.3599173562
         -0.6760891407        1.8092991888       -0.3075988471
         -1.6106157572        0.2711482011        0.9997768711
          1.6697329079       -0.8694703596        1.0685290134
          2.1429524663       -0.0911660899        0.3898283044
          1.7875695458        0.9313448488        0.7306730976
          1.0936941241        0.7839931927        1.6171637019
          1.8027817812       -1.0856645179       -0.0385012041
          1.0204901188       -0.3269058409        1.8248275083
          1.9199317719        0.7165924328       -0.3771211316
          1.3731323347       -0.8938323696       -1.0697788646
          0.1024841275        0.3329172121        1.9429677770
          0.6790813926       -1.3200810635        1.3957604996
          0.8708397220        1.5900512692        0.8512953866
          1.4433214587        0.2232342668       -1.2807131369
          0.8963082570       -1.6744958729       -0.3890819636
          1.0864252179        1.2476423597       -0.9379978061
          0.2027422322       -1.8161922645        0.4947001923
         -0.4458096459       -1.2688346367        1.2522948425
         -0.2549158311        1.6339404908        0.7085891629
          0.4397366226        1.7850167987       -0.1765617958
         -0.8011604621       -0.2511205574        1.5808464819
         -0.7279031237        0.8573528324        1.3722188806
          0.5398397988       -0.3652640005       -1.6281641709
         -0.2329979139       -1.6242304763       -0.5340373285
         -0.4407271726       -0.8374941792       -1.3087428546
         -1.2977285368       -0.1647763155       -1.1954073290
         -0.0361056086        1.2906947120       -1.0692148903
         -0.3622937982        0.2900854551       -1.5177483444
         -1.2728387796       -0.7401699395        0.6764090477
         -1.1549125185        1.0430757561        0.3395190384
          0.3333731759       -0.0173830174        0.1570622749
         -1.1079247747       -0.9396326601       -0.4129668169
         -0.9856852279        0.8113592651       -0.7483105850
         -1.4463436958        0.0542282152       -0.1012646760
          1.1485839427        0.0521667684        0.8102591036
          1.2786858071       -0.1582917704       -0.2703202539
          0.8174843810       -0.9175042409        0.3925933532
          0.9321634841        0.8394265512        0.0630278113
          0.1849279579       -0.3870128213        1.1297572064
          0.2564463546        0.6943418676        0.9273974882
          0.3994055915       -0.7344342988       -0.6124414990
          0.4711014014        0.3597162587       -0.8167894715
         -0.2727241739       -0.8698635964        0.2549548130
         -0.1579637243        0.8817830513       -0.0711336804
         -0.6186263200        0.1238417843        0.5758715999
         -0.4664070598       -0.0915949601       -0.5080398606
