         -1.4980504092       -1.8542299549       -0.5927680405
        -2.0805516434        1.2467423136       -0.3881158450
         1.5079548984        0.1508555953        2.0064136364
        -0.6899161309       -0.2792226797        2.2677672343
         0.6599217162       -1.8216557598        1.3286953866
        -0.0114283525        1.7525610056        1.5645314552
         2.1603555256       -0.7410678442        0.0418467637
         1.7469404960        1.4598924411        0.1870675728
        -0.6183175046       -1.9689517943       -1.2762328236
        -1.3182869486        1.7573748357       -1.0303179055
         0.4339889710       -0.3540181383       -2.2897841531
         0.2219835929        0.7745427028       -2.2153102298
        -1.3730830229       -1.1903505219       -1.4898573171
        -1.7455566620        0.7925197837       -1.3589856205
        -0.4462153503        1.5560028870       -1.7419329514
         0.1048379990       -1.3774461639       -1.9355134411
        -1.3826580973       -1.4490574217        0.4620568576
        -1.8014089162        0.7802782380        0.6091838996
        -0.8566094728        0.5674830145       -2.0516047597
        -0.6423066016       -0.5733037258       -2.1268943405
         0.3836211670       -1.7154954858       -0.9021525182
        -0.2838325236        1.8378248176       -0.6676779382
         1.0216689648        0.2976768488       -1.6027137274
         1.0903285275       -0.8418792064        1.6785884562
         0.7521482477        0.9586047611        1.7973889731
         0.4106796012       -0.0648242975        2.1515285060
         1.8477995657       -0.2980035984        1.0302719604
         1.6392624218        0.8122081406        1.1035301834
        -0.0173755415       -1.0594952030        1.8096455071
        -0.3558826426        0.7427212982        1.9285605122
         1.9661959022        0.3619609792        0.1115739645
         1.4198828202       -1.2907677126        0.6886248176
         0.8735217225        1.6180131424        0.8805584668
        -1.2590156815        0.2494666186        1.4511205995
        -1.0488184345       -0.8695978257        1.3772771792
        -0.3667785642       -1.6477312262        0.9024564860
        -0.9157578024        1.2749898284        1.0953088706
         1.2770194803       -1.2399679493       -0.4375433593
         0.7318455888        1.6624111968       -0.2460318834
         0.5227259431       -1.7876374512        0.2114844678
        -0.1536700678        1.8133711896        0.4490972985
         1.3952671908        0.8858222938       -0.7194081623
         1.6035012724       -0.2227695815       -0.7925595302
        -1.6062022090       -0.3379075626        0.5486086032
        -1.1734441808       -0.1353740189       -1.2889116874
        -0.4986111475       -1.5933002737       -0.2194752332
        -1.0457430950        1.3194796495       -0.0272661370
        -1.2845284990       -0.7925378251       -0.4273491974
        -1.4939144989        0.3221717232       -0.3537836549
         0.3622542078        1.0706618653       -1.1467330265
         0.6972159669       -0.7125416173       -1.2643959969
         0.1805662501        0.0113155506        0.3424783294
        -0.3950321422       -0.9142002498       -1.0936984609
        -0.7246511346        0.8405720541       -0.9779013671
        -0.0793669907        0.0799708747       -1.4378542307
         0.8326408793        0.0799907290        1.1579722021
        -0.2486129440       -0.1316084841        1.2867651703
         0.4153686997       -0.8898209058        0.8254885971
         0.0853325472        0.8672776521        0.9414281992
         1.1535392243       -0.3580642567        0.1942258844
         0.9504899888        0.7229371696        0.2655590295
        -0.7941261148        0.3874412174        0.4796336422
        -0.5887876709       -0.7057472910        0.4074960838
         0.2809371793       -0.8396661022       -0.2644121426
        -0.0478456530        0.9107202969       -0.1489093999
         0.5992695721        0.1528259121       -0.6100852755
        -0.4826794798       -0.0604464977       -0.4580544396
