          0.2322547465        0.5686020071        2.3169444909
          2.1107289758        0.2188617204        1.1146322727
         -1.1835321909        1.7960513786        1.0577960312
          1.8559037855        1.2301594521       -0.8875867659
         -0.1800619622        2.2049168498       -0.9227136333
          0.2714198206       -0.8600039402       -2.1636984916
         -1.7260296147       -0.1807375794       -1.5757610274
          1.1165777875       -2.0005627137       -0.4958530576
         -2.1153616143       -0.9014869004        0.4554495891
         -0.3585337856       -2.0262002655        1.1228686360
         -0.7791525756       -0.3570256035       -2.1818153024
         -2.2438187548       -0.3917195053       -0.5538029529
          0.9850788090       -1.4787227140       -1.5290072186
         -1.3848007751       -1.5348582984        1.1051705542
          0.6107666254       -2.2066630098        0.5024615632
         -1.1759628635       -1.1442056857       -1.5044531417
         -0.1119644930       -1.6536112262       -1.4861050590
         -1.7003691351       -1.3578845798       -0.4694350720
          0.0212157048       -2.1821199139       -0.4397475422
         -0.9604718597       -1.9993508000        0.1885887666
          0.4298914449        2.2238846286        0.0247467755
          1.4618573899        1.7298103749        0.0425534491
         -0.0787377085        2.0166449084        1.0286034935
          1.5910182852        1.2172162619        1.0574153506
          0.6388782009        1.3944896847        1.6668277272
          0.5513377478       -1.3950162807        1.2671778359
         -1.4674749066       -0.4284763628        1.2323589450
          1.5463435322       -0.9895893357       -0.6966473040
         -1.7201649448        0.5743059025       -0.7529860250
          0.1424778209        0.2275190268       -1.9451780273
          1.1796937815        0.3933715392        1.7287079074
         -0.4814219097        1.1886618735        1.7000484398
          1.9984112531        0.7269585379        0.1128381551
         -0.6893306934        2.0137658972        0.0664659771
          0.8432907198        1.7284174670       -0.9144841689
         -0.6261256868        0.0665751583        1.7892582164
         -1.4676049482        1.1921322497        0.1512176806
          1.3410694312       -0.5981570328        1.2006879598
         -0.0204716073        1.2230324346       -1.4497181558
          1.7153848539        0.1165722626       -0.8011092246
          0.3940050440       -0.4218304993        1.8068546905
          1.8438599632       -0.3932916371        0.2083430877
          1.0059953583        0.7315917117       -1.4320094954
         -1.3399196329        0.6854144540        1.1544378676
         -0.9616893114        1.3982691132       -0.8472905612
         -0.4622927774       -0.9202847502        1.2576665735
          1.0552645827       -1.2028237753        0.2863481504
         -1.6060695544        0.0713342020        0.2404472020
          0.8493902504       -0.3858234762       -1.3311794147
         -0.7954050144        0.4016495947       -1.3595479362
         -0.6348357798       -1.3475910558       -0.5998575364
          0.1999898274        0.4245263721        0.1889707560
          0.6156379023        1.3068397750        0.5817167983
         -0.2513183526       -0.5703817416       -1.2618086981
         -1.1687000799       -0.3995843052       -0.6746332741
          0.4401097713       -1.1698277055       -0.6468879285
         -1.0442447305       -0.8934716298        0.3031815062
         -0.0499457934       -1.3695080622        0.3203289796
          0.2148083994        0.4931216381        1.2336257481
          1.1378442810        0.3212682820        0.6428383785
         -0.4808750607        1.0962602209        0.6149116696
          1.0126286764        0.8181955452       -0.3410026519
          0.0122049699        1.2971671310       -0.3582623613
          0.1740683372        0.3325495316       -0.8611942512
         -0.7445075786        0.5035706740       -0.2732574466
          0.8663937336       -0.2676759717       -0.2454714943
         -0.6198929958        0.0090420616        0.7058298532
          0.3756985247       -0.4676143759        0.7230023870
         -0.2104116465       -0.4466491894       -0.1988182452
