         -0.9814309168       -2.2047566355       -1.0386060683
         0.9832532132        2.2088810698        1.0405663524
         2.3165308608        0.5733292228        0.2345157896
         1.0589249405        1.7992730020       -1.1795404593
         1.1156945589        0.2240288992        2.1106980366
        -0.9191580490        2.2076517190       -0.1772984636
        -0.8840754620        1.2340969231        1.8561844224
        -0.4995849663       -2.0050358268        1.1019669719
        -2.1576890356       -0.8715125399        0.2625426104
        -1.5274988067       -1.4858390992        0.9711389704
        -2.1757171175       -0.3710948537       -0.7827053009
         1.1088896624       -2.0301438668       -0.3646529644
        -1.5739679111       -0.1960708125       -1.7228676568
         0.4916396448       -2.2096820614        0.5997357127
         0.4448839903       -0.9121452313       -2.1104894404
        -0.5572022499       -0.4059923909       -2.2380320287
         1.0913085076       -1.5422976961       -1.3836391038
         1.2302511844       -0.4316023961       -1.4683134473
         1.2650640077       -1.3976440918        0.5494926905
        -0.7540932517        0.5706836744       -1.7208729343
        -0.6977714993       -0.9924053902        1.5440138911
        -1.9456821389        0.2240914915        0.1408461719
         0.0483862879        1.7331122990        1.4595238295
         1.0571680331        1.2235850427        1.5879123091
         0.0306872626        2.2242216635        0.4337361951
         1.6629289263        1.3997896711        0.6414736326
         1.0285293568        2.0182165732       -0.0718457071
        -0.4799152354       -1.3743989996       -1.6836537228
         0.1629271096       -2.0010596640       -0.9608302469
        -1.4910445287       -1.1656397619       -1.1713426342
        -0.4509023148       -2.1795997776       -0.0017873162
        -1.4731148454       -1.6632813595       -0.1318904757
         1.7000679749        1.1925616557       -0.4780594129
         0.0688955315        2.0164544310       -0.6856633669
         1.7286868898        0.3984502530        1.1806121285
        -0.9106094216        1.7315377984        0.8447033440
         0.1151992731        0.7315548061        1.9981268796
         1.7902407241        0.0682203121       -0.6256637801
         0.1517806284        1.1939623533       -1.4671358250
         1.2017454187       -0.5967184147        1.3419392644
        -1.4493471546        1.2247754040       -0.0195935598
        -0.8004339658        0.1180714616        1.7165160500
         1.8078503368       -0.4204156860        0.3949608372
         1.1554820509        0.6869976467       -1.3393892657
         0.2089236380       -0.3917483802        1.8449783374
        -0.8466292783        1.4000878669       -0.9612683189
        -1.4316402163        0.7333877278        1.0067811316
         0.2405100748        0.0712269865       -1.6070006837
         1.2582788907       -0.9209207725       -0.4626089830
        -1.3603392168        0.4017339694       -0.7958940758
         0.2864474783       -1.2035974044        1.0557740237
        -1.3319502144       -0.3861510649        0.8497934872
         0.1898922508        0.4265906987        0.2009558235
        -0.5859289627       -1.3162798257       -0.6200706918
         0.5785739142        1.2997649496        0.6122954171
         0.3217393886       -1.3655781362       -0.0483022722
         0.3045919635       -0.8897202275       -1.0422455473
        -0.6451255976       -1.1659623784        0.4415838641
        -0.6728680170       -0.3960078354       -1.1666532800
        -1.2598278773       -0.5667336093       -0.2495969420
         0.6159403437        1.0984736051       -0.4801280393
        -0.3575127344        1.2994452840        0.0130949825
         1.2348332554        0.4951627625        0.2157572273
        -0.3402482475        0.8203409036        1.0138119346
         0.6438776799        0.3232661434        1.1390639685
        -0.1943927291       -0.4367019693       -0.2057219990
        -0.2724263447        0.5070170060       -0.7442780386
        -0.8611941774        0.3357631068        0.1756039436
         0.7080461718        0.0117843186       -0.6194886284
        -0.2445968425       -0.2653127249        0.8689136205
         0.7252479022       -0.4655418177        0.3775168295
