          0.3101254382        0.9774045104        2.6390794809
         -0.5973011856       -0.3754547276        2.4961241781
          0.6014168804        0.3667889288       -2.5697103070
         -0.6792248413       -1.3685304740       -1.8966938086
         -1.4793226194        0.7352776681       -1.7730344965
          1.5108509303       -1.3134087014       -1.3656410550
          0.2163284656        2.0913796727       -1.1627045699
          2.0644285561        0.8251737929       -0.9109176991
         -0.7956802543       -1.9734646567        0.9713697380
         -1.7214554901       -1.3391680360        0.8452389295
         -2.1339806731       -0.2584764811        0.9061736391
          0.3303165195       -1.9468878287        1.2419051319
         -1.8557944904        0.8125283596        1.1346528124
          1.1790508530       -1.2667960371        1.5480989554
         -0.9877808109        1.5141980156        1.4422595339
          1.4702095327       -0.1699005144        1.7771222221
          1.0730454621        0.8830912509        1.8378819518
          0.1074616734        1.5446625719        1.7063408716
         -1.8399186605       -0.7101963665       -0.0778510745
         -0.0066568028       -1.9662546127        0.1719120929
         -1.2927803502        1.4119486834        0.3692588873
          1.6774852218       -0.6231261288        0.7739207218
          0.8817945234        1.4661664549        0.9008952185
          1.0645742961       -0.4779822006       -1.9806270678
         -0.4437843232        0.5554544182       -2.1861325095
          1.3437415170        0.6007581868       -1.7511050841
          0.4115170829        1.2394579401       -1.8781099784
         -0.0402202937       -0.5058618945       -2.2485676072
         -0.9775445449       -1.0993471068        1.6465658174
          1.1489589410        1.4699830198       -1.0409361471
         -1.0890982939       -0.3197712892       -1.8456052430
          0.4182630325       -1.3525342261       -1.6402385081
         -0.6374608106        1.4243808821       -1.4756416895
          1.8012853662       -0.2465064960       -1.1433804076
         -1.3885581216       -0.0279661105        1.7064049202
          0.1395667231       -1.0749580243        1.9145909948
         -1.4011988892        1.0850353829       -0.7042869218
          1.6103292447       -0.9782982746       -0.2939950450
         -0.3467584792       -1.6854869396       -0.8666039510
         -1.2741500813       -1.0500879379       -0.9929518283
         -0.5452473715        1.7696800261       -0.3961673865
          1.8898654851        0.1012833903       -0.0644068623
         -1.6780021733        0.0115430751       -0.9306368658
          0.7584469463       -1.6577855307       -0.5987008386
          1.4869692118        1.1575942216       -0.0005123152
          0.5544438754        1.7965051709       -0.1275558668
         -0.5362028177        0.6693089295        2.0081693245
          0.4331439163        0.0051681992        2.1402280169
         -0.9304135488       -1.3486514442        0.0468917016
         -1.5787111229        0.3542029422        0.1462501873
          0.8426303246       -1.3047775775        0.4761264965
          1.2900925605        0.4250244232        0.8420182508
         -0.2067072226        1.4505576035        0.6381031680
          0.1124768346        0.0596456024       -0.5256306496
         -0.3650518796       -0.2399565112        1.4727067778
          0.3519672449        0.2100351511       -1.5271056529
         -1.0939300802       -0.4727145977        0.7195374390
         -0.1906756875       -1.0915824081        0.8425907591
         -0.6718444893        0.3913798271       -1.1355273615
          0.7995424824       -0.6167368237       -0.9350637330
         -0.2781047307       -0.6437986694       -1.1962755392
          0.1627274197        1.0588402059       -0.8347282509
          1.0719442330        0.4358995069       -0.7108540693
          0.6391268405       -0.4299751492        1.1382177717
         -0.8243212227        0.5727065647        0.9388494235
          0.2467587924        0.6004088971        1.2082537898
         -0.1233376305       -0.0875316211        0.4650647928
          0.8883111994       -0.2761015341        0.1055512255
         -0.5792667653        0.7294021476       -0.0943907789
         -0.8495777306       -0.3189629114       -0.3148506076
          0.0562574904       -0.9395948407       -0.1914467087
          0.4946093717        0.7557590602        0.1702332635
