         -1.1096838912        2.1946667426       -0.8978950544
          1.2718434089        0.8017049710        2.1491572366
         -1.2214621950       -0.9612947848       -2.1287384837
         -1.0484781843       -2.2214289381       -0.2549076027
          0.7834960475       -1.8026294928       -1.4952100897
          0.6331531544        0.3089263110       -2.2711297148
         -2.3343501712       -0.3694863094       -0.2620016911
         -1.0344594085        2.2048798244        0.2228751511
         -0.1325225185        2.4110809083       -0.3877836660
          2.2955947210       -0.3491215268        0.5651774584
         -0.1313079353       -0.9039316880        2.2083258482
          0.8347221087       -1.3442219187        1.8274844503
          1.7745418574       -1.1293504393        1.1911754606
         -0.7927901062        0.0458436393        2.2037159625
          2.2182425712        0.7342139381        0.1650562539
          1.5726189117        1.6668106916        0.1559103336
         -0.8741049982        1.1074436123        1.8125163897
         -1.2807484188        1.2247040046       -1.4781162955
          0.5417875402        2.1252185850        0.5014522278
         -0.3692838159        1.9169324427        1.1182965026
          0.9020342547       -1.6927214663        0.7607495153
         -1.0108410233       -0.8210732311        1.5166212881
          1.9353919060       -0.1475390866       -0.4781282384
         -0.2963061217       -0.3248320971       -2.2157706419
         -1.7918200474       -0.6667181985       -1.2032526825
          0.1192790077        0.6845064672        2.0986050615
          1.6352985202        1.0311048512        1.0721486400
         -0.2194868852       -1.3925933086       -1.8248250879
         -1.1431059988       -1.6037423502       -1.1995080240
         -0.1319279919       -2.0259394631       -0.8789271199
          1.7135317547       -0.0463778363        1.4719674006
          0.7784343526       -0.2601619995        2.1050849125
         -1.7039086396       -1.3043967747       -0.2572592010
          0.7161640891       -0.7511403915       -1.8957316851
         -1.2633870528        0.1319684716       -1.8214904570
          0.6313547486        1.4933424035        1.4367521283
         -1.8220360824        0.4294088391       -0.8799157931
         -0.3284815975        0.7708584963       -1.8911149558
         -1.0394807396       -1.5360213005        0.6410357535
          1.3762193341       -0.9837768457       -0.9944920982
          0.8529573718       -1.7649429954       -0.3675147773
         -0.0715598150       -1.9762834133        0.2584104243
          1.2996537020        0.0800744474       -1.3863772576
         -1.6879232908       -0.6029337743        0.6363436706
          0.6616826825        1.0110182807       -1.3959172338
         -1.7715892293        0.4547241038        0.2515287217
         -1.1786808011        1.2546864150        0.7518874998
          0.6759944153        1.6787098836       -0.5038333134
         -0.3000103212        1.4635462729       -0.9944940288
         -1.2372362841        1.2492687994       -0.3599473116
         -0.0553661872       -1.2663421311        1.1464281491
          1.4288214873       -0.9270424720        0.1415648208
         -1.1015651527        0.2241648064        1.1433074929
          1.3137768008        0.7763443861       -0.4920138139
         -0.2077915730       -0.2697466857       -0.3979921540
          0.7743436549        0.4354477696        1.2907180400
         -0.7047777727       -0.6076164994       -1.2461388721
          0.8430522311       -0.6098841528        1.0392665819
         -0.2521617352        1.4565442393        0.1193956090
          1.3510370465        0.1511652949        0.4286813603
         -0.0991248325       -0.1803474845        1.4105241661
          0.2826965338       -1.0219901951       -0.9344226372
         -0.6198418756       -1.2283153447       -0.3233726908
         -1.2528813511       -0.3177698210       -0.3275974940
          0.2083816987        0.0162958865       -1.3169363891
          0.7256857730        1.0577730624        0.4184119524
         -0.1801642067        0.8506790200        1.0317235684
         -0.7361514755        0.4620450174       -0.9312743089
          0.3352831374       -0.9765173474        0.1654870679
          0.2793206192        0.0785658825        0.4390771558
          0.8465209913       -0.2146683735       -0.4471564410
         -0.6100485888       -0.5476557976        0.5390177804
         -0.6915724053        0.4781120397        0.1631074192
          0.2255042868        0.6877751280       -0.4578021489
