    1.262338557136653  -1.476108426568376   1.860923796291508
    0.390978184521358  -0.963471313467908   2.307457309447374
   -1.165308318604473   2.267620058673015   0.713271905137963
    1.022832553079120  -2.208916446295044  -0.965167741168415
   -1.188792867864519  -1.807726416588079  -1.214133776474670
    0.306733412551406  -0.622383811903092  -2.414672806640736
    2.097287256070419  -0.230261732515569  -1.103128193624901
   -0.317244436263469  -2.141906010514660   0.847517071949363
    0.994216056294971   2.045143425803327   0.382116433131446
   -1.022411690449692   0.477132514962170   1.967221947396026
   -0.363311808772086   2.027540332132651  -1.330580227748262
    1.606823585711696   0.671676232518151   1.643889204322027
    0.558252505037234   2.223098297439677  -0.651615735229903
   -1.382457389847879   1.543239953004391  -1.367545835324169
   -2.153719667085496   0.936222536803024  -0.756864676370112
   -2.354503593662026   0.461528762473382   0.246007403844213
   -1.917031027803278   0.284325363984968   1.300097860279227
    1.761193166898708  -0.444544097331651   1.801237868274282
    0.821452679273302   1.509755946905333   1.419608986887748
    0.862930388906898   0.076125090740870   2.215268926800981
    0.074107972365465   0.922913239950809   2.011645853584954
    1.709533491857025  -1.143300711486603   0.912380104396915
   -1.861659118672205  -0.514167892098102   0.505493608398418
   -1.462918146087519   0.426397879793994  -1.481378707194437
    0.554403333498305   1.388062839670934  -1.408331069183903
   -0.102580711986352   2.222137758999664   0.250040541341591
   -1.352413664077274   1.247903242559331   1.230756394697514
   -0.285304398440710   1.717376370188783   1.282826411122410
   -1.019856735745648   2.029201488173906  -0.424705769961414
    0.356093800962265  -2.190331881182256  -0.054608499646965
   -0.084889948052041  -2.023686014038945  -1.096100923561317
   -1.787675616718885   1.425532096637454   0.181984847944166
    1.572693864965123  -1.227290861564468  -1.039269297472997
   -0.445986618999657  -1.221576275144862  -1.826784295747072
    1.211187183159427  -0.427011517807549  -1.771479391796888
    0.668922695589928  -1.425699817348501  -1.703185961397790
   -0.761766484298661  -1.988504471897251  -0.182765614247593
   -1.542217673304104  -1.172573316266661  -0.353664264071968
    1.376007545371537  -1.695507694563686  -0.018477681413288
   -0.586324922080983  -0.097012075348918  -1.965868951445779
    0.433862546224416   0.390642706186086  -1.930597829290491
   -1.341565174656734  -0.695214733712096  -1.360285803759474
    1.337129335975540   0.587039247742235  -1.268168352062914
    1.916242279434375  -0.695206225167293  -0.091713728643473
   -1.099744683778917  -1.339924509357121   0.685456173977815
    1.773195277018072   0.414671910854679  -0.239229211872505
    1.415927012626711   1.038645951835135   0.615915728711642
    0.701308377976621  -1.653553767261325   0.899877775363155
   -0.200119538007549  -1.149743586145251   1.354329759166276
   -0.117856088543595  -0.139755040093755   1.800255794893658
    1.568785680529953  -0.049283860832985   0.780418399657172
   -1.674502868633038  -0.045250617620960  -0.491407146422683
   -0.991679876663128  -0.330601060172689   1.171065951765806
   -0.457066646418115   0.913238204693789  -1.455890986233232
    0.993168166240536   1.224696313054445  -0.394571467222755
    0.125167309127818  -0.402414716671332  -0.305120535846803
   -0.734002234631477   1.366787782339975   0.366106281447793
    0.796178035670442  -0.630299146839616   1.350703979547631
    0.565762175079229  -1.287768362042124  -0.628306228971233
   -0.301427042730379   0.474769204773287   0.026266636608461
   -0.523240973889236  -1.090479931030411  -0.749877373411037
    0.213833673167833  -0.506332428055406  -1.341503905339795
   -0.104192397134888   1.386099980302480  -0.504764949250865
   -1.098390242749073   0.913533567542123  -0.541371129486178
    1.094493096164070  -0.314025535000547  -0.697137331017386
   -1.294059206482642   0.449856811401388   0.436291637017099
   -0.094267956080306  -1.256336285317168   0.264253141861070
   -0.426327662228871   0.636445374267870   1.085113834307178
    0.320804338704038   1.215433164402988   0.498266685003474
    0.646677476827410   0.442884135673558   1.202433219161251
    0.901746878791249  -0.771680191480722   0.291623344293820
   -0.853570372472645  -0.468037191885616   0.090280868962021
   -0.655085522763383  -0.002464750310203  -0.889213524698538
    0.005812688022343  -0.282202728746590   0.731654040623133
    0.341546487007669   0.472700634951632  -0.854946128648377
    0.765844258954031   0.302177030350140   0.144375324059232
