          0.0446319711        2.8062618636       -0.2622973291
        -0.2624314495        2.5027156202       -1.2702132380
         0.6307410782        0.5485671463        2.0814597435
        -0.6248290130       -0.6926402164       -2.0398658889
        -0.2838098459       -2.1131152916        1.3219044112
         0.7799885529       -2.1590338711        1.0116452595
         0.4716032556       -2.4639001319       -0.0006155251
        -0.5921992843       -2.4179813785        0.3096448358
         2.1495164041       -1.1929604629        0.3034601854
        -1.7376091086       -1.0251737098        1.4371489006
        -2.0460037247       -1.3300295530        0.4248844466
         1.8411336402       -1.4978167955       -0.7088077328
         2.1275730225       -0.4989904249       -1.0968947942
        -2.4155654775       -0.3028870674        0.2281215707
        -2.1071844596        0.0019512314        1.2403445215
         2.4359435545       -0.1941517010       -0.0846687767
         1.8268724086        1.4909699357       -0.4068051089
        -1.6345661802        1.6403820229        0.6027310743
        -1.9428382518        1.3356459231       -0.4091485426
         1.5186027032        1.1862337587       -1.4186854221
         1.4388645956       -1.2809106723        1.1465820979
        -0.6951417554       -1.1887968466        1.7689697505
         0.8215198013       -1.8912011109       -0.8798257489
        -1.3124948913       -1.7990869395       -0.2574356564
         1.3964617264        0.1124929543       -1.6580885237
        -2.0539926273        0.2614308845       -0.6517559056
         2.0136065343        0.7225707538        0.3676810045
        -1.4368309066        0.8715079842        1.3740086844
         0.6320075450        1.8476172353       -1.3450496388
        -1.1060020342        1.9226379519       -0.8381553075
        -0.7991268708        2.2259783171        0.1691216143
         0.9388698220        2.1509581400       -0.3377689546
         0.2380170125        2.0449039340        0.5134515236
        -0.3807147862        1.4332668027       -1.5174970435
         1.0319018972       -0.3663762127        1.6075609498
        -0.0332464109       -0.3203993646        1.9182138004
         0.0992556697       -1.2883654684       -1.4538012500
        -0.9659004053       -1.2423882927       -1.1431461321
        -1.3359557791       -0.2143257252       -1.3395860857
         0.3863560978       -0.2886688531       -1.8419021420
        -0.4035354273        0.7074201109        1.7210031281
         1.3187656938        0.6330774339        1.2186902112
         0.4323523446        1.2946960723        1.2908084456
        -0.5007462724        0.3722818760       -1.7720274707
         0.3723862898       -1.2356392785        1.4596918177
        -0.2459139447       -1.8468813254       -0.5698355946
         1.1098430472       -0.8906195708       -1.2708979191
        -1.6851017680       -0.7699765297       -0.4557460996
         1.7281445710       -0.2793856928        0.7586581618
        -1.0667878701       -0.1587431666        1.5738063652
         0.5081016692        0.7769069992       -1.5890496925
        -1.2179000738        0.8514093996       -1.0856574788
         1.1260214611        1.3877454705        0.4392608293
        -0.5999653195        1.4622472390        0.9426486759
         1.1239193686       -1.5775877573        0.1327363267
        -0.9982206699       -1.4859861458        0.7516631465
         1.6956546587        0.4148804159       -0.6415460558
        -1.7357801618        0.5629973890        0.3592394711
        -0.0708359251        1.7265738248       -0.4984122290
         0.0629285796       -1.5337626472        0.4427637947
         1.4117774870       -0.5823444474       -0.2547244494
        -1.3689227213       -0.4623162610        0.5562728953
         0.8128517591        1.0757570357       -0.5716338430
        -0.9041681756        1.1498717458       -0.0708611952
        -0.3080930977       -0.3794408576       -1.0002140483
         0.3139932039        0.2355271660        1.0417433308
        -0.3403474182       -0.6220445485        0.8923831718
         0.7154070623       -0.6676159154        0.5844700528
        -0.6499429845       -0.9280985383       -0.1238303276
         0.4058187136       -0.9736702144       -0.4317455544
        -0.7072950221        0.3966397552        0.6972786135
         0.9998685831        0.3229504910        0.1993805865
        -1.0168481875        0.0906409348       -0.3187985039
         0.6903221801        0.0169513844       -0.8166985060
         0.1210744730        0.9784095748        0.2703277449
        -0.1887954108        0.6720895157       -0.7468003700
         0.0029452740       -0.0718533078        0.0207329411
