         -1.6212070432        1.3611782021       -1.4641540826
         -2.0514017908        1.3546258814        0.7626570049
         -2.3374138226       -0.5219781779       -0.4531023624
         -0.2369020833        2.4256184634       -0.0386035247
          0.0276846968        0.3240403177        2.5575509149
          0.3216789658       -0.5824407206       -2.4908045138
          0.9779494449        0.3385604957       -2.3613144685
         -0.6286062800       -0.5969361159        2.4280301834
          0.9638711182        0.8829167552        2.1421346956
          1.6914037170        0.8940483482       -1.6239435266
         -0.0542034904       -1.5556201559       -1.9683552443
         -0.7817891755       -1.5667098970        1.7976447097
          2.1647224477        0.8496022978       -0.5840829426
         -0.3647737419       -2.1805993663        0.9278658647
          1.7904987349        0.8438544945        1.3531595721
          0.0094980908       -2.1748902646       -1.0093330662
          2.0810862391       -0.6884433703       -0.1719386393
          1.1493164622       -1.7003004629        0.7889734680
          1.3623543108       -1.6970497309       -0.3137730377
          1.8680404078       -0.6917084470        0.9308059959
          2.2149442173        0.2522947389        0.4286426701
          0.4507188992       -2.2234469029        0.0805200401
          2.0050202964       -0.0769819328       -1.1830813904
          1.4201687881       -0.0859386356        1.8442969182
          0.3141555637       -1.6379646836        1.6260565777
          0.8990390977       -1.6290369228       -1.4012994349
          1.2812462557       -0.6418157776       -1.9286565698
          0.4713668475       -0.6541924829        2.2634195767
         -1.3649752448       -0.6340610580        1.5870317629
          0.6159269370        1.1879303384       -1.7301244711
         -0.6749128831       -0.6235445453       -1.9848244039
         -0.0740952191        1.1773796974        1.8417719797
         -1.9924894091        0.4202414317       -0.9671160841
         -1.1502575152        1.9037503339        0.3668446850
         -2.2098047416        0.4169177093        0.1577752728
         -0.9329384091        1.9070575833       -0.7580526432
         -1.8501741832        1.3681657327       -0.3533939827
         -0.5033407621        1.2848717822       -1.6143065302
         -1.0698073243        1.2762344576        1.3179441126
         -1.7221582908        0.3608107351        1.1892170524
         -1.1556813774        0.3694422138       -1.7430249405
         -1.8669747558       -0.5855720397        0.5749152098
         -0.1547901371        1.8171045613        0.9127968246
         -1.5178438888       -0.5802262398       -1.2322732784
          0.1943268119        1.8224360839       -0.8944151822
          0.6654039293        1.7801512982        0.1337993709
         -1.4554066336       -1.1959555030       -0.2847131449
          1.5383806010        1.1100088933        0.3004662733
         -0.5594590985       -1.8338831949       -0.1134877246
         -0.7215196693        0.2712094984        1.7276529933
         -0.0263912020        0.2818129086       -1.8705064287
         -0.6149567282       -1.2428442996       -1.0565148401
         -0.9628715988       -1.2481508853        0.7443449077
          0.7441576300        1.1472916846        1.0812015266
          1.0920524112        1.1526214111       -0.7196894483
          0.8357501609       -0.7725217616        1.2583872672
          1.2451902059       -0.7662554879       -0.8609116049
         -0.4071595176        0.3010831043       -0.0777709598
          0.9318240318        0.1996009243       -1.2905921789
          0.2953941034       -0.6935177593       -1.4161651082
          0.3838471097        0.1912250329        1.5459182146
         -0.2525967404       -0.7018780998        1.4203172591
         -1.0018656910        0.8207236801       -0.7593984839
         -1.2135292186        0.8175014989        0.3362410508
         -0.3210202348        1.3449411843       -0.0580446624
         -1.3547915354       -0.1057226858       -0.2620429212
          1.3891051993        0.1611604332       -0.2888202295
          0.1453820664       -1.2958523538        0.5819156310
          0.3530936801       -1.2926740719       -0.4932431119
          1.1813950432        0.1579783258        0.7863440203
          1.0487857825       -0.7755361681        0.2003235768
         -0.5448714822       -0.1517278309       -1.0150860701
          0.0921198060        0.7421656782       -0.8893917340
         -0.8835986292       -0.1568931936        0.7382095582
         -0.2465967827        0.7369929499        0.8639121575
          0.5481878800        0.7040191564        0.1079805237
         -0.4872834763       -0.7490503761       -0.0963468550
          0.4040691781       -0.2222755304       -0.4669603617
          0.2013026384       -0.2253731856        0.5825907654
