         -0.0774207139        0.1573323391        2.6462403111
          2.4274111713       -0.6101784497        0.8767589467
         -2.2093913138        0.5282896364       -1.3247982476
         -0.4071734845       -0.0240580394       -2.5979243983
         -1.4000415119       -1.5809951699       -1.2959761215
         -0.4499351259        1.9374958010       -1.4774728473
         -2.0292528239        0.0434283774        1.5802617536
          2.2310693724       -0.0823724633       -1.2776789337
          1.9368597304       -1.1719833206       -1.2214786507
         -1.7350348011        1.1330286831        1.5240770778
          2.2049263650        0.9287499728       -0.7019655265
         -0.8287097120        1.8583746546        1.4410796908
         -1.6120838828       -1.0429803531        1.5907199231
          1.4215163742       -1.9726231622       -0.5523071698
         -0.6626743252       -1.6654586953        1.5492420228
          0.3034479544        1.9127143343        1.3647136775
          1.8687880988        1.4330469266        0.2589167245
          0.9026314896       -2.1451314022        0.4434587099
          1.2918724689        1.2722728582        1.2768392867
          0.5110204652       -1.6196665372        1.4259902245
         -1.4389715580        1.5775252855        0.5339271675
         -2.0221213230       -0.5821670572        0.6453083074
          0.8650695592       -1.4669539973       -1.3942661643
          1.4482372974        0.6927360030       -1.5056666486
         -1.0876770095        0.4006727462        2.0751662337
          2.2726574319       -0.6290669689       -0.2986505088
         -0.1887366731        1.1221983007        1.9909640070
          1.7595434539       -1.4249021499        0.3640066181
          2.2458524975        0.3761584033        0.2710930235
         -0.6750002974       -0.6788584911        2.0838391643
         -0.9082092473       -0.8108562136       -1.9606045413
         -1.3393495725        1.2439728379       -1.4088975996
         -1.8188592954       -0.5317593670       -1.3172964089
         -0.4286940134        0.9648752816       -2.0522015737
         -1.3182260772        0.2540330409       -1.9762674378
          1.3921089192       -0.9177309283        1.3441253530
          0.7901851921        0.4972307102        1.9274915063
          1.6989612747        0.2187422263        1.2855126615
          0.4833443482       -0.6392438637        1.9860997369
         -1.8431826959        1.0651491060       -0.3962470477
          0.2342070993       -0.7550929989       -2.0158931495
         -2.1383534312       -0.0279665420       -0.3398599332
          0.5293861686        0.3380221138       -2.0722786575
         -1.7290938122       -1.0924954156       -0.3268047863
          0.5061413847        1.3281619868       -1.5066286044
         -0.2683886209       -1.5401479049       -1.3586652504
         -0.9545565263        1.7758110932       -0.4747427808
          0.1752368980        1.8339628294       -0.5475554926
         -0.7835485781       -1.7167348144       -0.3644056759
          0.7864548445        1.6889636310        0.3806343323
         -0.1583083772       -1.8099967802        0.5610891578
         -1.7441158412        0.5015058419        0.5927134586
          1.1643386642       -0.3898013030       -1.4618834358
         -0.3259788604        1.6480002463        0.4633598475
          0.3570896932       -1.6539954211       -0.4166907403
         -1.0972274325       -1.2083201284        0.6106728763
          1.1283471147        1.2023255335       -0.5640122492
         -0.3217520386        0.0620084347       -0.4823649151
          1.5086299810       -0.3862568967        0.4088703343
         -0.1714857924        0.1285977698        1.5957485952
         -0.3597606973        0.0187474576       -1.5199128841
         -1.2489201886        0.2912531065       -0.8917929441
         -0.7972977766        0.8434796227        1.0840161518
          1.4897317702        0.1426321414       -0.5315963511
         -1.0846399176       -0.2206943148        1.1388981420
          1.2023859554       -0.9215432727       -0.4767078787
         -0.3816074181        0.9858114821       -0.9678736224
         -0.8499250414       -0.7484924199       -0.8784168382
          1.1648904630        0.6348792854        0.3980829788
          0.2996737439        0.9000186304        1.0092949278
          0.6985125648       -1.0923577534        0.4871664517
         -0.1667019150       -0.8272238384        1.0983750933
          0.6894937875       -0.1328581636        1.0336627369
         -0.8735295041        0.8107708691        0.0092162591
          0.5433439665        0.3765649445       -0.9916946258
          0.2549257066       -0.6915687740       -0.9366015146
         -1.1619466477       -0.2573609181        0.0643077250
          0.5891687011       -0.1613894115       -0.0447747348
         -0.2523654353        0.0964927202        0.5497003210
          0.2204017322        0.8692695322       -0.0650907051
         -0.2476143934       -0.8640230958        0.0243060783
