         -2.1489927220        0.8245315139       -1.0236960159
         -0.9759117011       -0.6356173734        2.4166546718
          2.3760690836       -0.8850182229       -0.1418690476
          0.2124210147       -3.0442863273       -0.1076958204
         -1.9031815189       -2.2549687895       -0.0020397875
          2.3142674941        1.0419481548       -0.0815342339
         -0.6768863190       -1.9478656862       -1.8695270897
         -0.8042973768        2.2083678888        0.0866403738
         -0.5333950161       -2.0321841873        1.7783651361
         -1.6224733585        0.2201955735        2.0903695692
         -0.5668611577        0.4087720305        2.3951199034
          0.9634677187        0.8546450687       -1.8419249958
         -2.0577549458        0.7568355297        1.2144874263
         -0.0829985350        1.2457407401       -1.7851961044
          1.1132765194        0.7452754889        1.7721706001
          1.4596364262       -1.5232035671       -1.2442570791
          1.5528626708       -1.5889513533        0.9943687771
          1.6473066713        0.0085053152       -1.5664075413
          1.7713691086       -0.0795993699        1.3890977523
          2.3175639632        0.0985529870       -0.6752018154
          2.3640918199        0.0648140051        0.4518100576
          0.0661987398        1.1330844388        1.8286395115
         -1.9480887219       -0.2612325574       -1.0645879743
         -2.1155437053        0.7969703052        0.0963696125
         -1.1217646042        1.0432582416       -1.4144236836
         -0.8512554225       -2.6656317817       -0.0543700633
         -0.2321219660       -2.5098868033       -0.9973240298
         -1.2997713931       -2.1116358466       -0.9436743474
         -0.1593325083       -2.5561595643        0.8424536060
         -1.4762948354        1.5168072880       -0.4681835885
          1.6398644480        0.9487696443       -0.9623451969
          0.8896524592       -2.3364609385        0.4516411533
         -1.2254563765       -2.1571622303        0.8949768175
          1.7158763104        0.8947910426        0.8457837633
          0.8426971634       -2.3035348985       -0.6860059328
          0.3950245418       -1.7502401132       -1.5720422311
         -1.4313229863        1.4839345347        0.6509896523
         -0.4438261506        1.7269103920       -0.8492529092
         -1.9438959946       -1.2624935339       -0.5405635147
         -1.3266982120       -1.1082918971       -1.4814996480
          0.5148409982       -1.8310810639        1.3984412868
         -1.8998341206       -1.2947921873        0.5890982090
         -0.2868640833       -0.8916782612       -1.8702103873
         -0.3689229516        1.6723963339        0.9587395332
          1.2763269220        1.4377105389       -0.0251079770
          0.2376636613        1.8256392199        0.0312859127
         -1.8552881149       -0.3295236742        1.1638174096
          0.1062360821        0.1594265575       -1.8275761593
          1.5066683792       -1.5785948817       -0.1255903435
         -1.0000444470        0.9546260713        1.5279517020
         -1.2070775569       -1.1829773735        1.4810455587
          0.6019066896        1.3490568441       -0.9085308927
         -0.1316818521       -0.9892684128        1.7960085460
          0.6774409169        1.2945853828        0.9056422540
          0.7822646623       -0.6845705194       -1.5550159412
          0.9091071793       -0.7731670492        1.4076782605
          0.2641037860        0.0466574961        1.7793566507
         -1.9199136896       -0.2910412634        0.0511879116
         -0.9276601776       -0.0441733967       -1.4626389123
         -0.2120198439       -0.9622918732       -0.0383751727
          1.4569082685       -0.5822837333       -0.6581687006
          1.5030506538       -0.6154124899        0.4650564282
         -0.0024021346       -1.9838303286       -0.0719164971
         -0.7938219956       -0.1316920127        1.4632027024
         -1.0430019615       -1.5959378630       -0.0205479116
         -0.4405521194       -1.4447436991       -0.9389401103
         -1.2684988479        0.4350307787       -0.5066549868
          1.4453088782        0.3522131735       -0.0667410052
         -0.3681976403       -1.4903633767        0.8536926413
          0.6029419757       -1.2466621394       -0.6338411361
         -0.5998758704        1.1165618371        0.0449345854
          0.6491317046       -1.2796284005        0.4726544338
          0.7820354330        0.2604136091       -0.9418847812
         -1.0670490144       -0.6235587546       -0.5458072623
         -1.2251272293        0.4032104667        0.6027837558
          0.8595497170        0.2073802732        0.8526372859
         -0.2472387428        0.6455144045       -0.8857692970
         -1.0238086852       -0.6570295087        0.5503521906
         -0.0585981805       -0.4160625458       -0.9227811871
          0.0233271300       -0.4700318100        0.8581853315
         -0.1703642811        0.5926702475        0.9104655882
          0.6090092741       -0.3177772302       -0.0535225573
          0.4271858980        0.7466585287       -0.0108444694
         -0.4040041519        0.0618001364        0.0036072985
