         -1.2724572108       -1.9054371845        0.1705695329
         -1.5566716612       -0.2399242773        1.6697713578
          0.3337430189       -1.4759675265        1.6996165664
          2.0767091973        0.1103132704       -2.2454030328
         -0.7150552344        1.9358406505       -2.2893972315
          1.6571183442        2.5699993726       -0.0312824016
          2.5550610830        0.6372276954        0.6164608785
         -1.2835017761        2.4137798129       -0.1893899112
          0.1107945541       -0.8794603191       -2.5874992347
         -0.8262603733       -0.2667294980       -2.6022545752
         -0.4873145784        2.6265835461        0.5685532601
          2.6958591094       -0.1883789938       -0.1266694288
         -2.1415891073        0.0830252583       -0.5015079513
          0.4528961066        0.7766953101        1.9683250774
          0.9119196015       -1.9135687087       -0.4533408620
         -1.8294363711        1.6085416649       -0.7523996341
          0.2785829324        2.1720365961        1.2542744581
          1.8166644143        1.1663033482        1.2784947703
         -1.5982709533        0.2533928031       -1.9722423087
          2.1895249154       -1.0194915203       -0.6890733007
          0.8826303487       -1.3688769382       -1.9331435772
         -1.5354827491        1.3589315956       -1.8039591343
          1.8663400172       -0.8655227348       -1.7503567033
          1.3550582511        2.1316451218        0.9475903616
         -1.4274973577       -1.0811625351        0.9271396618
         -0.6157340650       -0.8641106258        1.6999108428
         -0.4720912930       -1.7058484654        0.9422217355
          1.0946548135       -0.3851775262       -2.4173530936
         -1.0001959080        2.1755103433       -1.2402160262
          2.1068378515        1.6046228945        0.2932278250
         -0.7715505357        0.8351304686       -2.4467513104
          0.5855118526        2.5994002408        0.2692693667
          2.3873084732       -0.0396014219       -1.1868269641
         -1.8692292319       -0.0839805374        0.5923839554
          0.3936722029       -0.3557526521        1.8555375586
         -0.1830477106       -1.9315031067       -0.1380873994
         -0.5581163681        0.2665795513        1.8405098077
         -1.7261401350       -0.9225295667       -0.1624386102
          0.6256540010       -1.7152688141        0.6317570019
         -1.3359979497        0.7411935424        1.1624149818
         -0.9615112775       -1.4535665578       -0.8132064594
          1.1551247451       -0.8876492724        1.2017278527
          0.8670568883        2.3648100926       -0.7872035810
          0.2176727858        1.3294837219       -2.2810429700
          1.9421740462        0.9340384165       -1.5098010628
          1.1473701688        0.7215559139       -2.2663918355
          0.0770919126        2.1536177810       -1.5391872943
          1.8024389976        1.7531427253       -0.7724657019
         -0.6294995898       -0.9689137108       -1.7727923318
         -1.0847887395        1.6996880531        0.6293716689
          1.9441233871       -0.2808423556        0.6771489660
         -0.2074403729        2.3997138867       -0.4888048984
          0.1631668518        0.2271502311       -2.4444697049
          2.2584163903        0.7872861278       -0.4499608092
         -1.6280293277        0.8978565897        0.0751270706
         -1.3968299564       -0.4572073577       -1.1446561500
         -0.3283086872        1.2453496566        1.3123917060
          1.2097204918        0.2396650033        1.3366532605
          0.1328182540       -1.4574211273       -1.1205208993
          1.4396668799       -1.1080223188        0.1235160041
          1.0138748521        1.5501099753       -1.5332296508
         -0.1085174566       -0.1265899078        0.1167228791
         -1.3272978355        0.6583786756       -0.9862704633
          1.1232156509       -0.9439905040       -0.9476468955
          0.7548923817        1.2150098055        0.9958168548
         -0.8198957367       -0.1805823669        0.8791612406
          0.1102818483       -0.7887802643        0.8938438930
         -0.6800550812       -1.0001040259        0.1414689021
          1.0500126769        1.6428026440        0.0196043044
         -0.5065020291        1.2267005120       -1.4620716285
          1.3253399694        0.0288625937       -1.4332088358
          0.1623252549        0.3097004124        1.0314207518
         -1.1101009717       -0.0304960836       -0.1798763587
          0.3874494202       -1.0096996340       -0.1562507502
         -0.7934134980        1.4661323339       -0.4248413142
         -0.5667310088        0.1373650252       -1.6209321860
          0.3552498217       -0.4655130547       -1.6064097736
         -0.0100139222        1.6755455775        0.3209080878
          1.4981453730        0.6893920223        0.3446664973
          1.6367085616       -0.1229212914       -0.3865379489
         -0.3684233424       -0.5464011895       -0.8088834476
          0.8989915838       -0.2075501292        0.3976239233
         -0.5926444473        0.7677880881        0.3740990155
          0.4631965394        0.7466814717        0.0730382980
         -0.3090276508        0.5402395339       -0.6620590221
          0.5997901285       -0.0540316455       -0.6477370694
          1.1976132709        0.8422039765       -0.7119912876
          0.2737248866        1.4463366205       -0.7265469809
          0.4125812205        0.6323356319       -1.4592814389
