          0.4833535573       -2.0977159335        1.7368792586
        -1.1474762660        2.3287504103        0.9544397007
         0.1872297624       -0.4131766851       -2.7285460711
        -2.5202422711        0.1152281199       -0.9990982382
        -1.7497274567       -1.9762299387       -0.6294524918
        -2.3803618244       -0.6807050759        1.1107477578
         2.2098038894       -0.7469990003        1.3569514591
         1.0726356620        2.3395770707        0.8114297334
         2.0033521626        0.4275819622       -1.7567983993
         0.4658864682        0.0109034594        2.5186595795
         1.4102990143       -1.6768100015       -1.3267175679
         1.4797834949       -2.0719879552       -0.2791158456
         0.0832542108        1.0493483240        2.3351085842
        -0.1415463513        2.3289005548       -1.0569267058
         0.1715641374        1.6856454196       -1.9209513514
        -0.4970069486       -1.9265221243        1.2541287067
        -0.7222930576       -0.6449150951       -2.1432716709
        -1.7377864881        1.4412360067        0.6589188025
        -0.5348743191        1.6996461450        1.6557435274
         0.8045388367       -1.0519375637       -2.0402249529
         0.9884713279       -2.0981007880        0.7330197764
         0.4779848513       -1.0493881806        2.1416664538
         0.1808529800        0.6410205455       -2.3393953700
        -0.6480476845        2.3438653338       -0.0521114781
        -2.0780852655       -1.3391549622        0.2438781545
        -2.4674154871       -0.2823660829        0.0571039873
        -2.1487624910       -0.9369815308       -0.8222014538
         1.3475219723       -1.4221610137        1.5471098240
        -0.0366044167        2.3346750591        0.8830776007
         1.0962041345        0.0075145907       -2.2428002123
        -2.1472004467        0.7885963067       -0.1701430395
        -1.6333243884       -0.2670677042       -1.5881507197
        -1.4487892946       -1.3169748597        1.1950019242
        -1.2447675105       -1.3217379037       -1.4017465448
        -1.1307704464       -1.9702844295        0.3174508745
        -2.0766550820        0.3872294012        0.8938025277
         1.7076481425       -0.6250293369       -1.5430295740
         0.5779594210        1.6957086317        1.5742276471
         1.3385406674       -0.3686197513        1.9390855712
         1.8457490213       -1.4105981498        0.5394839891
         0.4655197315        2.3357963712       -0.1226585705
         1.0879748587        1.0570593785       -1.8402796851
        -1.6393264289        0.7938207222       -1.1850562729
        -1.4550965739       -0.2544467967        1.5937348865
        -0.6245073379       -1.9607430967       -0.6982231456
         1.4565920847        1.3128089263        0.9975750865
         2.1475990565       -0.3566761501        0.3176706374
         1.8353568756        0.2847703911        1.1792728451
         2.0788270056        0.0345375382       -0.7194227883
         1.6973512300        1.0700211822       -0.9024168185
         1.3873591306        1.7068467200       -0.0470203589
        -0.5137886483        0.1703497255        2.0349202205
         0.4958137214       -1.9036968286       -0.7510024501
        -0.7377137971        1.4445178119       -1.3427490074
         0.9664845120        0.6682381235        1.7660325392
         1.7891842304       -1.0218527464       -0.5041257248
         0.7840480800        1.7064609681       -0.9862937104
         1.7779062046        0.6794807267        0.1384474480
        -1.1328909233        0.8155074102        1.3629681589
        -0.1092271974       -1.2874334395       -1.4617665389
         0.0045061312       -1.9344284447        0.2533490516
        -0.5065091271       -0.8846443383        1.6634522465
        -0.7335864521        0.4072760468       -1.7612801937
        -1.2462404396        1.4604277149       -0.3466526033
        -0.6518754757       -0.2491484389       -0.0507511296
        -1.5688110881       -0.0692881867       -0.5169414576
        -1.1899237675       -1.0977201191       -0.3351731643
        -1.5000251342       -0.4606726732        0.5205332290
         0.3727317311       -1.2466844149        1.0632068501
        -0.6198116592        1.4473232522        0.5870405655
         0.1925187908       -0.2214690132       -1.6545135268
         1.2259893361       -0.5751016854        0.8724458988
         0.4802981231        1.4489061106        0.5147170114
         1.0906083238        0.1951301013       -1.1693787272
        -0.6924946274       -0.4458400216       -1.0789831638
        -1.1912649317        0.5787950010        0.2973407057
        -0.5818491784       -1.0753112648        0.5896810556
         0.3655077227       -0.2033775582        1.4531739059
         0.8683017462       -1.2362841446        0.0657522981
         0.8000923516       -0.8483077776       -0.9627552880
        -0.0101310776        0.8161477486        1.2729762474
        -0.1216230675        1.4506801245       -0.4091444025
         0.1857923505        0.8191418810       -1.2574373645
        -0.5905687897       -0.0450103536        0.9764877655
        -0.0930650018       -1.0670429334       -0.3963376831
        -0.7009206958        0.5828746548       -0.6879442182
         0.2733932066       -0.4118722583        0.4057065865
        -0.0955353018        0.5895074625        0.2287191033
         0.2064145705       -0.0307958498       -0.6044856808
         0.8632814212        0.4418942412        0.7007006495
         1.1715162022       -0.1913196488       -0.1498446415
         0.7949217751        0.8308845736       -0.3305004296
