         -0.5165811832        1.7667758617       -2.3292823748
          0.1983835008        1.3442024574        2.3794384749
          2.6147981980       -1.0176082805        0.8878119420
          1.8616348979        2.4293460792       -0.1984561771
          2.4959187449        0.7731583272       -1.5941920936
         -2.0888836094        0.4441154288       -1.4739329102
         -1.5906326945        0.1500071366        1.8093313709
         -0.6435413301       -2.3002396426       -0.2454035578
          2.8294419596        0.5497183602        0.6330057233
          2.2141611840       -1.8751034014        0.2844008518
          1.7762236474       -1.6486858412        1.2849460548
          1.5535889564       -2.1672358706       -0.5678474756
         -0.3584533059       -0.4671669596       -2.5402034094
         -1.2168965443        2.1041538837        0.8045563320
         -1.3838317278        2.2027200571       -0.3001495080
          0.1301955764       -1.3888433080       -2.1263249293
          0.3551669215       -0.8869673533        2.1419114701
          0.6746882923       -1.7085307420        1.4506181743
          0.5024107342        1.8023639130       -1.8993426020
          1.0468365923        1.4790366930        1.6824656172
         -0.9587730903        1.9961705200       -1.3215862244
         -0.4425009153        0.6518482254       -2.4493427014
         -0.5151870515        1.7339463114        1.6032107612
          0.2748855029        0.2278035605        2.2770820051
          0.8446688642       -1.7928094829       -1.3558993817
          2.1910756451        1.6113989313       -0.9026863488
         -1.3039396992        1.1054102961       -1.9016141304
          2.3608908123        1.5024878813        0.2218827550
         -0.6972483641        0.7470245440        2.0947398424
          2.6801674915        0.6658527710       -0.4828090928
          0.4542075430       -2.2357926343       -0.4070229350
          1.4635374393        1.9693659398        0.7532107497
          1.1871565212        2.1338936763       -1.0592012034
          1.5075327219        1.2985799234       -1.7634098402
         -1.2244503821       -0.0113464402       -2.0082666763
         -1.4047863494        1.1278652626        1.3081880153
         -1.7374818764        1.3243294092       -0.8878864343
         -0.6192966654       -0.3687435389        1.9781496472
         -0.2565385348       -1.8460627334       -1.1863186802
          1.9523610408        1.0263648569        1.1709113780
          2.3022471072       -0.2187732348       -1.0897584619
          0.7460227368        2.3556109908       -0.0382049735
          1.5836791878        0.1719353101       -1.8754244102
          0.0152282699       -2.0073078798        0.6039171993
         -1.9296757315        0.3469103110       -0.3781187282
         -1.7638245280        0.2489916378        0.7155153984
         -1.6118849121       -0.4751487609       -1.0672299396
         -1.1301818779       -1.3891645345       -0.6579687518
         -1.2786899594       -0.6716544833        1.1275431676
         -0.9628715112       -1.4877990544        0.4433152312
          2.0725101440       -1.1891065952       -0.5662783342
         -0.3618908606        2.2365533686        0.1175838338
          0.6590124846       -0.4195178920       -2.1150641095
          1.1138585728       -1.9517297987        0.4432354204
          2.4653945409       -0.3288010455        0.0319558872
          2.0201570828       -0.0994179745        1.0567372139
         -1.5839460090        1.2296134334        0.2123279823
         -0.7489469335       -0.9366381452       -1.6044281431
         -0.3081862305       -1.1970984807        1.2987386697
         -1.4567647401       -0.5763958777        0.0316077481
          1.1963898142       -0.7322771945        1.4491238070
          0.0631860653        2.0368802504       -0.8973408812
          0.5800152699        0.6929859857       -2.0277188663
          0.3378604546        1.8739885983        0.9114227171
          1.3730541515       -0.8207348803       -1.3551134623
          1.1271060607        0.3689089386        1.5868789439
          0.8839548418        0.5428345003       -0.2256050366
          1.6207424021       -0.9655269895        0.4373531127
          1.3633490998        1.4694761356       -0.2118148090
          1.6750897719        0.6553894791       -0.8987547572
         -0.2898648658        1.1343658441       -1.4702679949
          0.1448580812        0.8772423738        1.3953300955
          1.8394738107        0.5497446260        0.1960993002
         -1.0664078650        0.4769372551       -1.0438392071
         -0.7403428910        0.2845334333        1.1093154853
         -0.1180158561       -1.3230831433       -0.2376616352
          0.7029098835        1.1638218503       -1.0484114373
          0.9697401557        1.0058518054        0.7112059192
          0.9694337975       -1.2626128232       -0.4013441351
         -0.2133079867        0.0280008895       -1.5780380213
         -0.5576368125        1.2552877243        0.6178286562
         -0.7215990222        1.3517449341       -0.4667239792
          0.2651771411       -0.8779872321       -1.1719566967
          0.2184147143       -0.2273743626        1.2820439714
          1.4717708229       -0.3048601639       -0.3988681766
          0.2769403721        1.3804314931       -0.0568269961
          0.7792041088        0.0716953648       -1.1578742611
          1.0398705569       -0.0809227119        0.6007313294
          0.5325435466       -1.0374897792        0.6045076780
         -0.0771001313        0.5112764652       -0.6306505853
          0.0831581719        0.4172308138        0.4342125831
         -0.9168004084        0.3812866848        0.0345921610
         -0.6024208147       -0.4304604028       -0.6455432111
         -0.4378096553       -0.5274953979        0.4416587538
          0.3924581379       -0.3794698297       -0.2313733432
