          0.3418774410        2.6110900262        0.7685353438
         -2.0865644233       -0.1401018085       -2.0084638067
          2.3202664339       -1.5437903688        0.8002282631
         -0.7106215915       -2.5562448121       -0.1625156042
          1.1840295633       -0.7594174008       -2.2372908009
         -2.7105616156       -0.4100925691        0.1156169781
          0.6140933987       -1.4690332469        2.2346191183
          2.6816121742        0.4943380934       -0.0311976748
         -0.6404319667        1.5525468075       -2.1484380212
         -0.4074899531       -1.8056879711        1.9114641302
         -2.2459745806       -1.2200799979        0.7397031041
          0.4603550650        1.3457401801       -2.2227056252
          2.2974872318        0.7605970156       -1.0517764302
          1.2881424520        0.9385344014        2.0003013158
         -1.7152336766        1.8952262022        0.0859836067
          1.3649716270       -0.6302577646        2.1995074047
         -2.5716563398        0.6236176505       -0.3095104118
         -1.5243300564        1.6168884005       -1.4541708624
          2.4104379192        0.3635583743        1.0536039362
         -0.3006032153        2.0226838918        1.4824584497
         -2.2442406569        0.7606527016       -1.3727659374
          2.2148943989       -0.6596806612        1.4692491894
          0.1808887861        1.1798518332        2.1114525665
         -1.3457156923        1.6661659221        1.1383976307
         -1.5093422158        0.6173529224        1.5744235816
         -0.5774799655        0.3205104481        2.1683657299
         -1.3368909507       -1.5257446401        1.3350957339
          1.3897225735        1.0605989827       -1.6504750150
          0.8215374167        1.7937851229        1.3980703258
         -0.6923259856        2.2760175663        0.4331192220
         -2.4002305575       -0.2750015355       -0.9475263796
          1.4687133407       -1.5073312053        1.5183653318
          2.5029084619       -0.5253525654        0.3853699865
         -1.3651389021        0.7067436861       -2.0799003998
         -1.4785582222       -1.8895267168        0.2895940845
         -0.5603821382       -2.1819836161        0.8747857810
          0.8235544067        0.2934191624       -2.2308720192
          1.7411621997        0.0011556649       -1.6460330034
          1.1139528132        1.9288844615        0.3091403584
          0.1899731395        2.2232021058       -0.2798039779
         -0.9969157488       -0.3480414971       -2.0922517801
          1.9474173028       -1.2858899353       -0.2156869304
          1.3118058257       -1.8889645375        0.4804566107
         -1.6327280874       -0.9510663096       -1.3962523546
         -1.1747011921       -1.7557620924       -0.7810965275
          0.3021412455       -2.2261659345        0.1601758870
          1.5691437141       -1.0243297346       -1.2274024012
          0.0925023015       -0.5539787533       -2.1685393173
         -0.0780843299       -1.9618765306       -0.8579398477
          0.5529262152       -1.3634225211       -1.5489413180
         -0.2035358691       -0.7380436895        2.1076284695
         -2.0273466671       -0.1570983793        0.9451886845
          1.8538676110        1.2157818810       -0.1486197968
          0.0340942520        1.7954458623       -1.3085214139
          0.5389901857        0.0996902103        2.0747987112
         -1.8880533137        0.8728032318        0.5278637486
         -1.9492820398       -1.0909622439       -0.3326228727
          0.4568117857       -1.8573347922        1.2009137823
          2.1336934031       -0.2663682811       -0.6359311006
         -0.2716785907        0.4998095615       -2.1689684141
          1.5829099617        1.0924530622        0.9278542270
         -0.8397047373        1.8641470200       -0.6162880309
         -0.5422191913       -1.1634660171       -1.4833400003
          0.9395799562       -1.6354573355       -0.5389110748
         -1.1295215944       -0.4593253055        1.5426248443
          0.9569332029        1.5194814303       -0.7419638445
         -0.0925351278        0.5608502524        0.4254799484
         -1.5637429284        0.9971759048       -0.5464409331
          1.3939805413        0.0550781471        1.3386812486
         -0.5158366875        0.9754102656        1.2967824007
          0.1211425247        1.5672168746        0.5931741346
         -0.8847463396        1.2213168488        0.2673185240
          0.5789188167        0.7550766613        1.2002435119
          1.4903594551       -0.8209952456        0.6690853714
         -1.3992692501        0.0994204400       -1.1726245237
         -1.7142880368       -0.0317118778       -0.1225904476
          0.6500452220       -0.7847924113        1.3843379440
         -0.4973266491       -1.4862169372        0.0375643066
          0.7458692536       -0.3071142601       -1.3237608991
          1.6751534698        0.1881457128        0.2608980814
         -0.6880926214        0.9409181192       -1.2453119101
         -1.2599398144       -0.8295046473        0.4884196763
         -0.3520035546       -1.1187050609        1.0670944304
          1.2998198939        0.4481094035       -0.7426692326
          0.3927966918        0.7370141932       -1.3207727055
         -1.0430739838        0.2116355746        0.6873674036
         -0.1511341579       -0.0724772837        1.2558587284
         -0.0270080255        1.1726730069       -0.4246370640
          0.8633504749        0.8890686720        0.1428608675
          0.6901882118       -0.1192596103        0.5471405994
         -0.7383525589        0.3357723212       -0.3633563782
          0.5009049387       -1.1663084887        0.3545832270
         -0.9561604680       -0.7022041122       -0.5740905604
          1.1281361204       -0.5712217375       -0.3323931079
         -0.3287205550       -0.1071738988       -1.2609268514
          0.1257704310       -0.9067363448       -0.6504837525
         -0.2928391278       -0.4502456816        0.2344552719
          0.3227801023        0.1338920870       -0.4395204527
